-97.6308,-71.6686,0.909917,10.3017
-97.6504,-71.6686,0.89034,10.3017
-97.67,-71.6687,0.870763,10.3017
-97.6896,-71.6687,0.851185,10.3017
-97.7092,-71.6687,0.831608,10.3017
-97.7288,-71.6687,0.812031,10.3017
-97.7484,-71.6688,0.792454,10.3017
-97.768,-71.6688,0.772876,10.3017
-97.7876,-71.6688,0.753299,10.3017
-97.8072,-71.6688,0.733722,10.3017
-97.8268,-71.6689,0.714145,10.3017
-97.8464,-71.6689,0.694567,10.3017
-97.866,-71.6689,0.67499,10.3017
-97.8856,-71.6689,0.655413,10.3017
-97.9052,-71.669,0.635836,10.3017
-97.9248,-71.669,0.616258,10.3017
-97.9444,-71.669,0.596681,10.3017
-97.964,-71.669,0.577104,10.3017
-97.9837,-71.6691,0.557527,10.3017
-98.0033,-71.6691,0.537949,10.3017
-98.0229,-71.6691,0.518372,10.3017
-98.0425,-71.6692,0.498795,10.3017
-98.0621,-71.6692,0.479218,10.3017
-98.0817,-71.6692,0.45964,10.3017
-98.1013,-71.6692,0.440063,10.3017
-98.1209,-71.6693,0.420486,10.3017
-98.1405,-71.6693,0.400909,10.3017
-98.1601,-71.6693,0.381331,10.3017
-98.1797,-71.6693,0.361754,10.3017
-98.1993,-71.6694,0.342177,10.3017
-98.2189,-71.6694,0.3226,10.3017
-98.2385,-71.6694,0.303022,10.3017
-98.2581,-71.6694,0.283445,10.3017
-98.2777,-71.6695,0.263868,10.3017
-98.2973,-71.6695,0.244291,10.3017
-98.2975,-71.6695,0.244091,10.3017
-98.2975,-71.6695,0.244091,10.3017
-98.2975,-71.6695,0.244091,10.3017
-98.2975,-71.6695,0.244091,10.3017
-98.2975,-71.6695,0.244091,10.3017
-98.2975,-71.6695,0.244091,10.3017
-98.2975,-71.6695,0.244091,10.3017
-98.2975,-71.6695,0.244091,10.3017
-98.2975,-71.6695,0.244091,10.3017
-98.2975,-71.6695,0.244091,10.3017
-98.2975,-71.6695,0.244091,10.3017
-98.2975,-71.6695,0.244091,10.3017
-98.2975,-71.6695,0.244091,10.3017
-98.2975,-71.6695,0.244091,10.3017
-98.2975,-71.6695,0.244091,10.3017
-98.2975,-71.6695,0.244091,10.3017
-98.2975,-71.6695,0.244091,10.3017
-98.2975,-71.6695,0.244091,10.3017
-98.2975,-71.6695,0.244091,10.3017
-98.2975,-71.6695,0.244091,10.3017
-98.2975,-71.6695,0.244091,10.3017
-98.2975,-71.6695,0.244091,10.3017
-98.2975,-71.6695,0.244091,10.3017
-98.2975,-71.6695,0.244091,10.3017
-98.2975,-71.6695,0.244091,10.3017
-98.2975,-71.6695,0.244091,10.3017
-98.2975,-71.6695,0.244091,10.3017
-98.2975,-71.6695,0.244091,10.3017
-98.2975,-71.6695,0.244091,10.3017
-98.2975,-71.6695,0.244091,10.3017
-98.2975,-71.6695,0.244091,10.3017
-98.2975,-71.6695,0.244091,10.3017
-98.2975,-71.6695,0.244091,10.3017
-98.2975,-71.6695,0.244091,10.3017
-98.2975,-71.6695,0.265277,10.2826
-98.2975,-71.6695,0.286905,10.2631
-98.2975,-71.6695,0.308533,10.2435
-98.2975,-71.6695,0.330161,10.224
-98.2975,-71.6695,0.351788,10.2045
-98.2975,-71.6695,0.373416,10.185
-98.2975,-71.6695,0.395044,10.1655
-98.2975,-71.6695,0.416672,10.1459
-98.2975,-71.6695,0.4383,10.1264
-98.2975,-71.6695,0.459927,10.1069
-98.2975,-71.6695,0.481555,10.0874
-98.2975,-71.6695,0.503183,10.0679
-98.2975,-71.6695,0.524811,10.0483
-98.2975,-71.6695,0.546438,10.0288
-98.2975,-71.6695,0.568066,10.0093
-98.2975,-71.6695,0.589694,9.98977
-98.2975,-71.6695,0.611322,9.97025
-98.2975,-71.6695,0.63295,9.95073
-98.2975,-71.6695,0.654577,9.93121
-98.2975,-71.6695,0.676205,9.91169
-98.2975,-71.6695,0.697833,9.89217
-98.2975,-71.6695,0.719461,9.87264
-98.2975,-71.6695,0.741088,9.85312
-98.2975,-71.6695,0.762716,9.8336
-98.2975,-71.6695,0.784344,9.81408
-98.2975,-71.6695,0.805972,9.79456
-98.2975,-71.6695,0.8276,9.77504
-98.2975,-71.6695,0.849227,9.75552
-98.2975,-71.6695,0.870855,9.736
-98.2975,-71.6695,0.892483,9.71648
-98.2975,-71.6695,0.914111,9.69696
-98.2975,-71.6695,0.935738,9.67744
-98.2975,-71.6695,0.957366,9.65792
-98.2975,-71.6695,0.978994,9.6384
-98.2975,-71.6695,0.979656,9.6378
-98.2975,-71.6695,0.979656,9.6378
-98.2975,-71.6695,0.979656,9.6378
-98.2975,-71.6695,0.979656,9.6378
-98.2975,-71.6695,0.979656,9.6378
-98.2975,-71.6695,0.979656,9.6378
-98.2975,-71.6695,0.979656,9.6378
-98.2975,-71.6695,0.979656,9.6378
-98.2975,-71.6695,0.979656,9.6378
-98.2975,-71.6695,0.979656,9.6378
-98.2975,-71.6695,0.979656,9.6378
-98.2975,-71.6695,0.979656,9.6378
-98.2975,-71.6695,0.979656,9.6378
-98.2975,-71.6695,0.979656,9.6378
-98.2975,-71.6695,0.979656,9.6378
-98.2975,-71.6695,0.979656,9.6378
-98.2975,-71.6695,0.979656,9.6378
-98.2975,-71.6695,0.979656,9.6378
-98.2975,-71.6695,0.979656,9.6378
-98.2975,-71.6695,0.979656,9.6378
-98.2975,-71.6695,0.979656,9.6378
-98.2975,-71.6695,0.979656,9.6378
-98.2975,-71.6695,0.979656,9.6378
-98.2975,-71.6695,0.979656,9.6378
-98.2975,-71.6695,0.979656,9.6378
-98.2975,-71.6695,0.979656,9.6378
-98.2975,-71.6695,0.979656,9.6378
-98.2975,-71.6695,0.979656,9.6378
-98.2975,-71.6695,0.979656,9.6378
-98.2975,-71.6695,0.979656,9.6378
-98.2975,-71.6695,0.979656,9.6378
-98.2975,-71.6695,0.979656,9.6378
-98.2975,-71.6695,0.979656,9.6378
-98.2975,-71.6695,0.979656,9.6378
-98.2975,-71.6695,0.979656,9.6378
-98.2975,-71.6695,0.979656,9.6378
-98.2975,-71.6695,0.979656,9.6378
-98.2975,-71.6695,0.979656,9.6378
-98.2975,-71.6695,0.979656,9.6378
-98.2975,-71.6695,0.979656,9.6378
-98.2975,-71.6695,0.979656,9.6378
-98.2975,-71.6695,0.979656,9.6378
-98.2975,-71.6695,0.979656,9.6378
-98.2975,-71.6695,0.979656,9.6378
-98.2975,-71.6695,0.979656,9.6378
-98.2975,-71.6695,0.979656,9.6378
-98.2975,-71.6695,0.979656,9.6378
-98.2975,-71.6695,0.979656,9.6378
-98.2975,-71.6695,0.979656,9.6378
-98.2975,-71.6695,0.979656,9.6378
-98.2975,-71.6695,0.979656,9.6378
-98.2975,-71.6695,0.979656,9.6378
-98.2975,-71.6695,0.979656,9.6378
-98.2975,-71.6695,0.979656,9.6378
-98.2975,-71.6695,0.979656,9.6378
-98.2975,-71.6695,0.979656,9.6378
-98.2975,-71.6695,0.979656,9.6378
-98.2975,-71.6695,0.979656,9.6378
-98.2975,-71.6695,0.979656,9.6378
-98.2975,-71.6695,0.979656,9.6378
-98.2975,-71.6695,0.979656,9.6378
-98.2975,-71.6695,0.979656,9.6378
-98.2975,-71.6695,0.979656,9.6378
-98.2975,-71.6695,0.979656,9.6378
-98.2975,-71.6695,0.979656,9.6378
-98.2975,-71.6695,0.979656,9.6378
-98.2975,-71.6695,0.979656,9.6378
-98.2975,-71.6695,0.979656,9.6378
-98.2975,-71.6695,0.979656,9.6378
-98.2975,-71.6695,0.979656,9.6378
-98.2975,-71.6695,0.979656,9.6378
-98.2975,-71.6695,0.979656,9.6378
-98.2975,-71.6695,0.979656,9.6378
-98.2975,-71.6695,0.979656,9.6378
-98.2975,-71.6695,0.979656,9.6378
-98.2975,-71.6695,0.979656,9.6378
-98.2975,-71.6695,0.979656,9.6378
-98.2975,-71.6695,0.979656,9.6378
-98.2975,-71.6695,0.979656,9.6378
-98.2975,-71.6695,0.979656,9.6378
-98.2975,-71.6695,0.979656,9.6378
-98.2975,-71.6695,0.979656,9.6378
-98.2975,-71.6695,0.979656,9.6378
-98.2975,-71.6695,0.979656,9.6378
-98.2975,-71.6695,0.979656,9.6378
-98.2975,-71.6695,0.979656,9.6378
-98.2975,-71.6695,0.979656,9.6378
-98.2975,-71.6695,0.979656,9.6378
-98.2975,-71.6695,0.979656,9.6378
-98.2975,-71.6695,0.979656,9.6378
-98.2975,-71.6695,0.979656,9.6378
-98.2975,-71.6695,0.979656,9.6378
-98.2975,-71.6695,0.979656,9.6378
-98.2975,-71.6695,0.979656,9.6378
-98.2975,-71.6695,0.979656,9.6378
-98.2975,-71.6695,0.979656,9.6378
-98.2975,-71.6695,0.979656,9.6378
-98.2975,-71.6695,0.979656,9.6378
-98.2975,-71.6695,0.979656,9.6378
-98.2975,-71.6695,0.979656,9.6378
-98.2975,-71.6695,0.979656,9.6378
-98.2975,-71.6695,0.979656,9.6378
-98.2975,-71.6518,0.979656,9.65551
-98.2975,-71.6329,0.979656,9.67437
-98.2975,-71.6141,0.979656,9.69324
-98.2975,-71.5952,0.979656,9.7121
-98.2975,-71.5763,0.979656,9.73097
-98.2975,-71.5575,0.979656,9.74983
-98.2975,-71.5386,0.979656,9.7687
-98.2975,-71.5197,0.979656,9.78756
-98.2975,-71.5009,0.979656,9.80643
-98.2975,-71.482,0.979656,9.82529
-98.2975,-71.4631,0.979656,9.84416
-98.2975,-71.4443,0.979656,9.86302
-98.2975,-71.4254,0.979656,9.88189
-98.2975,-71.4065,0.979656,9.90075
-98.2975,-71.3877,0.979656,9.91962
-98.2975,-71.3688,0.979656,9.93848
-98.2975,-71.35,0.979656,9.95735
-98.2975,-71.3311,0.979656,9.97621
-98.2975,-71.3122,0.979656,9.99508
-98.2975,-71.2934,0.979656,10.0139
-98.2975,-71.2745,0.979656,10.0328
-98.2975,-71.2556,0.979656,10.0517
-98.2975,-71.2368,0.979656,10.0705
-98.2975,-71.2179,0.979656,10.0894
-98.2975,-71.199,0.979656,10.1083
-98.2975,-71.1802,0.979656,10.1271
-98.2975,-71.1613,0.979656,10.146
-98.2975,-71.1424,0.979656,10.1649
-98.2975,-71.1236,0.979656,10.1837
-98.2975,-71.1047,0.979656,10.2026
-98.2975,-71.0858,0.979656,10.2215
-98.2975,-71.067,0.979656,10.2403
-98.2975,-71.0481,0.979656,10.2592
-98.2975,-71.0292,0.979656,10.2781
-98.2975,-71.0279,0.979656,10.2794
-98.2975,-71.0279,0.979656,10.2794
-98.2975,-71.0279,0.979656,10.2794
-98.2975,-71.0279,0.979656,10.2794
-98.2975,-71.0279,0.979656,10.2794
-98.2975,-71.0279,0.979656,10.2794
-98.2975,-71.0279,0.979656,10.2794
-98.2975,-71.0279,0.979656,10.2794
-98.2975,-71.0279,0.979656,10.2794
-98.2975,-71.0279,0.979656,10.2794
-98.2975,-71.0279,0.979656,10.2794
-98.2975,-71.0279,0.979656,10.2794
-98.2975,-71.0279,0.979656,10.2794
-98.2975,-71.0279,0.979656,10.2794
-98.2975,-71.0279,0.979656,10.2794
-98.2975,-71.0279,0.979656,10.2794
-98.2975,-71.0279,0.979656,10.2794
-98.2975,-71.0279,0.979656,10.2794
-98.2975,-71.0279,0.979656,10.2794
-98.2975,-71.0279,0.979656,10.2794
-98.2975,-71.0279,0.979656,10.2794
-98.2975,-71.0279,0.979656,10.2794
-98.2975,-71.0279,0.979656,10.2794
-98.2975,-71.0279,0.979656,10.2794
-98.2975,-71.0279,0.979656,10.2794
-98.2975,-71.0279,0.979656,10.2794
-98.2975,-71.0279,0.979656,10.2794
-98.2975,-71.0279,0.979656,10.2794
-98.2975,-71.0279,0.979656,10.2794
-98.2975,-71.0279,0.979656,10.2794
-98.2975,-71.0279,0.979656,10.2794
-98.2975,-71.0279,0.979656,10.2794
-98.2975,-71.0279,0.979656,10.2794
-98.2975,-71.0279,0.979656,10.2794
-98.3115,-71.0279,0.965688,10.2794
-98.3267,-71.0279,0.950478,10.2794
-98.3419,-71.0279,0.935268,10.2794
-98.3571,-71.0279,0.920058,10.2794
-98.3723,-71.0279,0.904848,10.2794
-98.3875,-71.0279,0.889638,10.2794
-98.4027,-71.0279,0.874428,10.2794
-98.4179,-71.0279,0.859218,10.2794
-98.4331,-71.0279,0.844008,10.2794
-98.4484,-71.0279,0.828798,10.2794
-98.4636,-71.0279,0.813588,10.2794
-98.4788,-71.0279,0.798378,10.2794
-98.494,-71.0279,0.783168,10.2794
-98.5092,-71.0279,0.767959,10.2794
-98.5244,-71.0279,0.752749,10.2794
-98.5396,-71.0279,0.737539,10.2794
-98.5548,-71.0279,0.722329,10.2794
-98.57,-71.0279,0.707119,10.2794
-98.5853,-71.0279,0.691909,10.2794
-98.6005,-71.0279,0.676699,10.2794
-98.6157,-71.0279,0.661489,10.2794
-98.6309,-71.0279,0.646279,10.2794
-98.6461,-71.0279,0.631069,10.2794
-98.6613,-71.0279,0.615859,10.2794
-98.6765,-71.0279,0.600649,10.2794
-98.6917,-71.0279,0.585439,10.2794
-98.7069,-71.0279,0.570229,10.2794
-98.7221,-71.0279,0.555019,10.2794
-98.7374,-71.0279,0.53981,10.2794
-98.7526,-71.0279,0.5246,10.2794
-98.7678,-71.0279,0.50939,10.2794
-98.783,-71.0279,0.49418,10.2794
-98.7982,-71.0279,0.47897,10.2794
-98.8134,-71.0279,0.46376,10.2794
-98.8148,-71.0279,0.462363,10.2794
-98.8148,-71.0279,0.462363,10.2794
-98.8148,-71.0279,0.462363,10.2794
-98.8148,-71.0279,0.462363,10.2794
-98.8148,-71.0279,0.462363,10.2794
-98.8148,-71.0279,0.462363,10.2794
-98.8148,-71.0279,0.462363,10.2794
-98.8148,-71.0279,0.462363,10.2794
-98.8148,-71.0279,0.462363,10.2794
-98.8148,-71.0279,0.462363,10.2794
-98.8148,-71.0279,0.462363,10.2794
-98.8148,-71.0279,0.462363,10.2794
-98.8148,-71.0279,0.462363,10.2794
-98.8148,-71.0279,0.462363,10.2794
-98.8148,-71.0279,0.462363,10.2794
-98.8148,-71.0279,0.462363,10.2794
-98.8148,-71.0279,0.462363,10.2794
-98.8148,-71.0279,0.462363,10.2794
-98.8148,-71.0279,0.462363,10.2794
-98.8148,-71.0279,0.462363,10.2794
-98.8148,-71.0279,0.462363,10.2794
-98.8148,-71.0279,0.462363,10.2794
-98.8148,-71.0279,0.462363,10.2794
-98.8148,-71.0279,0.462363,10.2794
-98.8148,-71.0279,0.462363,10.2794
-98.8148,-71.0279,0.462363,10.2794
-98.8148,-71.0279,0.462363,10.2794
-98.8148,-71.0279,0.462363,10.2794
-98.8148,-71.0279,0.462363,10.2794
-98.8148,-71.0279,0.462363,10.2794
-98.8148,-71.0279,0.462363,10.2794
-98.8148,-71.0279,0.462363,10.2794
-98.8148,-71.0279,0.462363,10.2794
-98.8148,-71.0279,0.462363,10.2794
-98.8147,-70.927,0.462363,10.3801
-98.8145,-70.8147,0.462363,10.4923
-98.8144,-70.7024,0.462363,10.6045
-98.8142,-70.5901,0.462363,10.7166
-98.8141,-70.4778,0.462363,10.8288
-98.8139,-70.3654,0.462363,10.941
-98.8137,-70.2531,0.462363,11.0531
-98.8136,-70.1408,0.462363,11.1653
-98.8134,-70.0285,0.462363,11.2775
-98.8133,-69.9161,0.462363,11.3896
-98.8131,-69.8038,0.462363,11.5018
-98.813,-69.6915,0.462363,11.614
-98.8128,-69.5792,0.462363,11.7262
-98.8127,-69.4669,0.462363,11.8383
-98.8125,-69.3545,0.462363,11.9505
-98.8124,-69.2422,0.462363,12.0627
-98.8122,-69.1299,0.462363,12.1748
-98.8121,-69.0176,0.462363,12.287
-98.8119,-68.9052,0.462363,12.3992
-98.8118,-68.7929,0.462363,12.5113
-98.8116,-68.6806,0.462363,12.6235
-98.8115,-68.5683,0.462363,12.7357
-98.8113,-68.456,0.462363,12.8478
-98.8111,-68.3436,0.462363,12.96
-98.811,-68.2313,0.462363,13.0722
-98.8108,-68.119,0.462363,13.1844
-98.8107,-68.0067,0.462363,13.2965
-98.8105,-67.8943,0.462363,13.4087
-98.8104,-67.782,0.462363,13.5209
-98.8102,-67.6697,0.462363,13.633
-98.8101,-67.5574,0.462363,13.7452
-98.8099,-67.4451,0.462363,13.8574
-98.8098,-67.3327,0.462363,13.9695
-98.8096,-67.2204,0.462363,14.0817
-98.8096,-67.2078,0.462363,14.0943
-98.8096,-67.2078,0.462363,14.0943
-98.8096,-67.2078,0.462363,14.0943
-98.8096,-67.2078,0.462363,14.0943
-98.8096,-67.2078,0.462363,14.0943
-98.8096,-67.2078,0.462363,14.0943
-98.8096,-67.2078,0.462363,14.0943
-98.8096,-67.2078,0.462363,14.0943
-98.8096,-67.2078,0.462363,14.0943
-98.8096,-67.2078,0.462363,14.0943
-98.8096,-67.2078,0.462363,14.0943
-98.8096,-67.2078,0.462363,14.0943
-98.8096,-67.2078,0.462363,14.0943
-98.8096,-67.2078,0.462363,14.0943
-98.8096,-67.2078,0.462363,14.0943
-98.8096,-67.2078,0.462363,14.0943
-98.8096,-67.2078,0.462363,14.0943
-98.8096,-67.2078,0.462363,14.0943
-98.8096,-67.2078,0.462363,14.0943
-98.8096,-67.2078,0.462363,14.0943
-98.8096,-67.2078,0.462363,14.0943
-98.8096,-67.2078,0.462363,14.0943
-98.8096,-67.2078,0.462363,14.0943
-98.8096,-67.2078,0.462363,14.0943
-98.8096,-67.2078,0.462363,14.0943
-98.8096,-67.2078,0.462363,14.0943
-98.8096,-67.2078,0.462363,14.0943
-98.8096,-67.2078,0.462363,14.0943
-98.8096,-67.2078,0.462363,14.0943
-98.8096,-67.2078,0.462363,14.0943
-98.8096,-67.2078,0.462363,14.0943
-98.8096,-67.2078,0.462363,14.0943
-98.8096,-67.2078,0.462363,14.0943
-98.8096,-67.2078,0.462363,14.0943
-98.8096,-67.2078,0.550962,14.0943
-98.8096,-67.2078,0.651923,14.0943
-98.8096,-67.2078,0.752885,14.0943
-98.8096,-67.2078,0.853846,14.0943
-98.8096,-67.2078,0.954807,14.0943
-98.8096,-67.2078,1.05577,14.0943
-98.8096,-67.2078,1.15673,14.0943
-98.8096,-67.2078,1.25769,14.0943
-98.8096,-67.2078,1.35865,14.0943
-98.8096,-67.2078,1.45961,14.0943
-98.8096,-67.2078,1.56058,14.0943
-98.8096,-67.2078,1.66154,14.0943
-98.8096,-67.2078,1.7625,14.0943
-98.8096,-67.2078,1.86346,14.0943
-98.8096,-67.2078,1.96442,14.0943
-98.8096,-67.2078,2.06538,14.0943
-98.8096,-67.2078,2.16634,14.0943
-98.8096,-67.2078,2.26731,14.0943
-98.8096,-67.2078,2.36827,14.0943
-98.8096,-67.2078,2.46923,14.0943
-98.8096,-67.2078,2.57019,14.0943
-98.8096,-67.2078,2.67115,14.0943
-98.8096,-67.2078,2.77211,14.0943
-98.8096,-67.2078,2.87307,14.0943
-98.8096,-67.2078,2.97403,14.0943
-98.8096,-67.2078,3.075,14.0943
-98.8096,-67.2078,3.17596,14.0943
-98.8096,-67.2078,3.27692,14.0943
-98.8096,-67.2078,3.37788,14.0943
-98.8096,-67.2078,3.47884,14.0943
-98.8096,-67.2078,3.5798,14.0943
-98.8096,-67.2078,3.68076,14.0943
-98.8096,-67.2078,3.78173,14.0943
-98.8096,-67.2078,3.88269,14.0943
-98.8096,-67.2078,3.89608,14.0943
-98.8096,-67.2078,3.89608,14.0943
-98.8096,-67.2078,3.89608,14.0943
-98.8096,-67.2078,3.89608,14.0943
-98.8096,-67.2078,3.89608,14.0943
-98.8096,-67.2078,3.89608,14.0943
-98.8096,-67.2078,3.89608,14.0943
-98.8096,-67.2078,3.89608,14.0943
-98.8096,-67.2078,3.89608,14.0943
-98.8096,-67.2078,3.89608,14.0943
-98.8096,-67.2078,3.89608,14.0943
-98.8096,-67.2078,3.89608,14.0943
-98.8096,-67.2078,3.89608,14.0943
-98.8096,-67.2078,3.89608,14.0943
-98.8096,-67.2078,3.89608,14.0943
-98.8096,-67.2078,3.89608,14.0943
-98.8096,-67.2078,3.89608,14.0943
-98.8096,-67.2078,3.89608,14.0943
-98.8096,-67.2078,3.89608,14.0943
-98.8096,-67.2078,3.89608,14.0943
-98.8096,-67.2078,3.89608,14.0943
-98.8096,-67.2078,3.89608,14.0943
-98.8096,-67.2078,3.89608,14.0943
-98.8096,-67.2078,3.89608,14.0943
-98.8096,-67.2078,3.89608,14.0943
-98.8096,-67.2078,3.89608,14.0943
-98.8096,-67.2078,3.89608,14.0943
-98.8096,-67.2078,3.89608,14.0943
-98.8096,-67.2078,3.89608,14.0943
-98.8096,-67.2078,3.89608,14.0943
-98.8096,-67.2078,3.89608,14.0943
-98.8096,-67.2078,3.89608,14.0943
-98.8096,-67.2078,3.89608,14.0943
-98.8096,-67.2078,3.89608,14.0943
-98.8312,-67.2075,3.87415,14.0943
-98.8565,-67.2071,3.84855,14.0943
-98.8817,-67.2068,3.82296,14.0943
-98.9069,-67.2064,3.79737,14.0943
-98.9321,-67.206,3.77178,14.0943
-98.9574,-67.2057,3.74619,14.0943
-98.9826,-67.2053,3.7206,14.0943
-99.0078,-67.2049,3.69501,14.0943
-99.033,-67.2046,3.66942,14.0943
-99.0583,-67.2042,3.64383,14.0943
-99.0835,-67.2038,3.61824,14.0943
-99.1087,-67.2035,3.59265,14.0943
-99.134,-67.2031,3.56706,14.0943
-99.1592,-67.2027,3.54147,14.0943
-99.1844,-67.2024,3.51588,14.0943
-99.2096,-67.202,3.49029,14.0943
-99.2349,-67.2017,3.4647,14.0943
-99.2601,-67.2013,3.43911,14.0943
-99.2853,-67.2009,3.41352,14.0943
-99.3106,-67.2006,3.38792,14.0943
-99.3358,-67.2002,3.36233,14.0943
-99.361,-67.1998,3.33674,14.0943
-99.3862,-67.1995,3.31115,14.0943
-99.4115,-67.1991,3.28556,14.0943
-99.4367,-67.1987,3.25997,14.0943
-99.4619,-67.1984,3.23438,14.0943
-99.4871,-67.198,3.20879,14.0943
-99.5124,-67.1976,3.1832,14.0943
-99.5376,-67.1973,3.15761,14.0943
-99.5628,-67.1969,3.13202,14.0943
-99.5881,-67.1965,3.10643,14.0943
-99.6133,-67.1962,3.08084,14.0943
-99.6385,-67.1958,3.05525,14.0943
-99.6637,-67.1955,3.02966,14.0943
-99.6676,-67.1954,3.02574,14.0943
-99.6676,-67.1954,3.02574,14.0943
-99.6676,-67.1954,3.02574,14.0943
-99.6676,-67.1954,3.02574,14.0943
-99.6676,-67.1954,3.02574,14.0943
-99.6676,-67.1954,3.02574,14.0943
-99.6676,-67.1954,3.02574,14.0943
-99.6676,-67.1954,3.02574,14.0943
-99.6676,-67.1954,3.02574,14.0943
-99.6676,-67.1954,3.02574,14.0943
-99.6676,-67.1954,3.02574,14.0943
-99.6676,-67.1954,3.02574,14.0943
-99.6676,-67.1954,3.02574,14.0943
-99.6676,-67.1954,3.02574,14.0943
-99.6676,-67.1954,3.02574,14.0943
-99.6676,-67.1954,3.02574,14.0943
-99.6676,-67.1954,3.02574,14.0943
-99.6676,-67.1954,3.02574,14.0943
-99.6676,-67.1954,3.02574,14.0943
-99.6676,-67.1954,3.02574,14.0943
-99.6676,-67.1954,3.02574,14.0943
-99.6676,-67.1954,3.02574,14.0943
-99.6676,-67.1954,3.02574,14.0943
-99.6676,-67.1954,3.02574,14.0943
-99.6676,-67.1954,3.02574,14.0943
-99.6676,-67.1954,3.02574,14.0943
-99.6676,-67.1954,3.02574,14.0943
-99.6676,-67.1954,3.02574,14.0943
-99.6676,-67.1954,3.02574,14.0943
-99.6676,-67.1954,3.02574,14.0943
-99.6676,-67.1954,3.02574,14.0943
-99.6676,-67.1954,3.02574,14.0943
-99.6676,-67.1954,3.02574,14.0943
-99.6676,-67.1954,3.02574,14.0943
-99.6676,-67.2051,3.02574,14.0846
-99.6676,-67.2166,3.02574,14.0731
-99.6676,-67.2281,3.02574,14.0616
-99.6676,-67.2397,3.02574,14.05
-99.6676,-67.2512,3.02574,14.0385
-99.6676,-67.2628,3.02574,14.027
-99.6676,-67.2743,3.02574,14.0154
-99.6676,-67.2858,3.02574,14.0039
-99.6676,-67.2974,3.02574,13.9923
-99.6676,-67.3089,3.02574,13.9808
-99.6676,-67.3205,3.02574,13.9693
-99.6676,-67.332,3.02574,13.9577
-99.6676,-67.3435,3.02574,13.9462
-99.6676,-67.3551,3.02574,13.9347
-99.6676,-67.3666,3.02574,13.9231
-99.6676,-67.3782,3.02574,13.9116
-99.6676,-67.3897,3.02574,13.9
-99.6676,-67.4012,3.02574,13.8885
-99.6676,-67.4128,3.02574,13.877
-99.6676,-67.4243,3.02574,13.8654
-99.6676,-67.4359,3.02574,13.8539
-99.6676,-67.4474,3.02574,13.8424
-99.6676,-67.459,3.02574,13.8308
-99.6676,-67.4705,3.02574,13.8193
-99.6676,-67.482,3.02574,13.8077
-99.6676,-67.4936,3.02574,13.7962
-99.6676,-67.5051,3.02574,13.7847
-99.6676,-67.5167,3.02574,13.7731
-99.6676,-67.5282,3.02574,13.7616
-99.6676,-67.5397,3.02574,13.7501
-99.6676,-67.5513,3.02574,13.7385
-99.6676,-67.5628,3.02574,13.727
-99.6676,-67.5744,3.02574,13.7154
-99.6676,-67.5859,3.02574,13.7039
-99.6676,-67.5879,3.02574,13.7019
-99.6676,-67.5879,3.02574,13.7019
-99.6676,-67.5879,3.02574,13.7019
-99.6676,-67.5879,3.02574,13.7019
-99.6676,-67.5879,3.02574,13.7019
-99.6676,-67.5879,3.02574,13.7019
-99.6676,-67.5879,3.02574,13.7019
-99.6676,-67.5879,3.02574,13.7019
-99.6676,-67.5879,3.02574,13.7019
-99.6676,-67.5879,3.02574,13.7019
-99.6676,-67.5879,3.02574,13.7019
-99.6676,-67.5879,3.02574,13.7019
-99.6676,-67.5879,3.02574,13.7019
-99.6676,-67.5879,3.02574,13.7019
-99.6676,-67.5879,3.02574,13.7019
-99.6676,-67.5879,3.02574,13.7019
-99.6676,-67.5879,3.02574,13.7019
-99.6676,-67.5879,3.02574,13.7019
-99.6676,-67.5879,3.02574,13.7019
-99.6676,-67.5879,3.02574,13.7019
-99.6676,-67.5879,3.02574,13.7019
-99.6676,-67.5879,3.02574,13.7019
-99.6676,-67.5879,3.02574,13.7019
-99.6676,-67.5879,3.02574,13.7019
-99.6676,-67.5879,3.02574,13.7019
-99.6676,-67.5879,3.02574,13.7019
-99.6676,-67.5879,3.02574,13.7019
-99.6676,-67.5879,3.02574,13.7019
-99.6676,-67.5879,3.02574,13.7019
-99.6676,-67.5879,3.02574,13.7019
-99.6676,-67.5879,3.02574,13.7019
-99.6676,-67.5879,3.02574,13.7019
-99.6676,-67.5879,3.02574,13.7019
-99.6676,-67.5879,3.02574,13.7019
-99.6641,-67.5879,3.049,13.805
-99.6597,-67.5879,3.0775,13.9313
-99.6554,-67.5879,3.106,14.0576
-99.6511,-67.5879,3.13449,14.1839
-99.6468,-67.5879,3.16299,14.3102
-99.6425,-67.5879,3.19149,14.4365
-99.6381,-67.5879,3.21998,14.5628
-99.6338,-67.5879,3.24848,14.6892
-99.6295,-67.5879,3.27698,14.8155
-99.6252,-67.5879,3.30547,14.9418
-99.6208,-67.5879,3.33397,15.0681
-99.6165,-67.5879,3.36247,15.1944
-99.6122,-67.5879,3.39096,15.3207
-99.6079,-67.5879,3.41946,15.447
-99.6036,-67.5879,3.44796,15.5733
-99.5992,-67.5879,3.47645,15.6996
-99.5949,-67.5879,3.50495,15.8259
-99.5906,-67.5879,3.53345,15.9522
-99.5863,-67.5879,3.56194,16.0785
-99.5819,-67.5879,3.59044,16.2048
-99.5776,-67.5879,3.61894,16.3311
-99.5733,-67.5879,3.64743,16.4574
-99.569,-67.5879,3.67593,16.5837
-99.5647,-67.5879,3.70443,16.71
-99.5603,-67.5879,3.73292,16.8364
-99.556,-67.5879,3.76142,16.9627
-99.5517,-67.5879,3.78992,17.089
-99.5474,-67.5879,3.81841,17.2153
-99.543,-67.5879,3.84691,17.3416
-99.5387,-67.5879,3.87541,17.4679
-99.5344,-67.5879,3.9039,17.5942
-99.5301,-67.5879,3.9324,17.7205
-99.5258,-67.5879,3.9609,17.8468
-99.5214,-67.5879,3.9894,17.9731
-99.5206,-67.5879,3.99492,17.9976
-99.5206,-67.5879,3.99492,17.9976
-99.5206,-67.5879,3.99492,17.9976
-99.5206,-67.5879,3.99492,17.9976
-99.5206,-67.5879,3.99492,17.9976
-99.5206,-67.5879,3.99492,17.9976
-99.5206,-67.5879,3.99492,17.9976
-99.5206,-67.5879,3.99492,17.9976
-99.5206,-67.5879,3.99492,17.9976
-99.5206,-67.5879,3.99492,17.9976
-99.5206,-67.5879,3.99492,17.9976
-99.5206,-67.5879,3.99492,17.9976
-99.5206,-67.5879,3.99492,17.9976
-99.5206,-67.5879,3.99492,17.9976
-99.5206,-67.5879,3.99492,17.9976
-99.5206,-67.5879,3.99492,17.9976
-99.5206,-67.5879,3.99492,17.9976
-99.5206,-67.5879,3.99492,17.9976
-99.5206,-67.5879,3.99492,17.9976
-99.5206,-67.5879,3.99492,17.9976
-99.5206,-67.5879,3.99492,17.9976
-99.5206,-67.5879,3.99492,17.9976
-99.5206,-67.5879,3.99492,17.9976
-99.5206,-67.5879,3.99492,17.9976
-99.5206,-67.5879,3.99492,17.9976
-99.5206,-67.5879,3.99492,17.9976
-99.5206,-67.5879,3.99492,17.9976
-99.5206,-67.5879,3.99492,17.9976
-99.5206,-67.5879,3.99492,17.9976
-99.5206,-67.5879,3.99492,17.9976
-99.5206,-67.5879,3.99492,17.9976
-99.5206,-67.5879,3.99492,17.9976
-99.5206,-67.5879,3.99492,17.9976
-99.5206,-67.5879,3.99492,17.9976
-99.5206,-67.5879,3.99492,17.9976
-99.5206,-67.5879,3.99492,17.9976
-99.5206,-67.5879,3.99492,17.9976
-99.5206,-67.5879,3.99492,17.9976
-99.5206,-67.5879,3.99492,17.9976
-99.5206,-67.5879,3.99492,17.9976
-99.5206,-67.5879,3.99492,17.9976
-99.5206,-67.5879,3.99492,17.9976
-99.5206,-67.5879,3.99492,17.9976
-99.5206,-67.5879,3.99492,17.9976
-99.5206,-67.5879,3.99492,17.9976
-99.5206,-67.5879,3.99492,17.9976
-99.5206,-67.5879,3.99492,17.9976
-99.5206,-67.5879,3.99492,17.9976
-99.5206,-67.5879,3.99492,17.9976
-99.5206,-67.5879,3.99492,17.9976
-99.5206,-67.5879,3.99492,17.9976
-99.5206,-67.5879,3.99492,17.9976
-99.5206,-67.5879,3.99492,17.9976
-99.5206,-67.5879,3.99492,17.9976
-99.5206,-67.5879,3.99492,17.9976
-99.5206,-67.5879,3.99492,17.9976
-99.5206,-67.5879,3.99492,17.9976
-99.5206,-67.5879,3.99492,17.9976
-99.5206,-67.5879,3.99492,17.9976
-99.5206,-67.5879,3.99492,17.9976
-99.5206,-67.5879,3.99492,17.9976
-99.5206,-67.5879,3.99492,17.9976
-99.5206,-67.5879,3.99492,17.9976
-99.5206,-67.5879,3.99492,17.9976
-99.5206,-67.5879,3.99492,17.9976
-99.5206,-67.5879,3.99492,17.9976
-99.5206,-67.5879,3.99492,17.9976
-99.5206,-67.5879,3.99492,17.9976
-99.5206,-67.5879,3.99492,17.9976
-99.5206,-67.5879,3.99492,17.9976
-99.5206,-67.5879,3.99492,17.9976
-99.5206,-67.5879,3.99492,17.9976
-99.5206,-67.5879,3.99492,17.9976
-99.5206,-67.5879,3.99492,17.9976
-99.5206,-67.5879,3.99492,17.9976
-99.5206,-67.5879,3.99492,17.9976
-99.5206,-67.5879,3.99492,17.9976
-99.5206,-67.5879,3.99492,17.9976
-99.5206,-67.5879,3.99492,17.9976
-99.5206,-67.5879,3.99492,17.9976
-99.5206,-67.5879,3.99492,17.9976
-99.5206,-67.5879,3.99492,17.9976
-99.5206,-67.5879,3.99492,17.9976
-99.5206,-67.5879,3.99492,17.9976
-99.5206,-67.5879,3.99492,17.9976
-99.5206,-67.5879,3.99492,17.9976
-99.5206,-67.5879,3.99492,17.9976
-99.5206,-67.5879,3.99492,17.9976
-99.5206,-67.5879,3.99492,17.9976
-99.5206,-67.5879,3.99492,17.9976
-99.5206,-67.5879,3.99492,17.9976
-99.5206,-67.5879,3.99492,17.9976
-99.5206,-67.5879,3.99492,17.9976
-99.5206,-67.5879,3.99492,17.9976
-99.5206,-67.5879,3.99492,17.9976
-99.5206,-67.5879,3.99492,17.9976
-99.5206,-67.5879,3.99492,17.9976
-99.5206,-67.5879,3.99492,17.9976
-99.5206,-67.5879,3.99492,17.9976
-99.5206,-67.5879,3.99492,17.9976
-99.5206,-67.5879,3.99492,17.9976
-99.5206,-67.5879,3.99492,17.9976
-99.5206,-67.5879,3.99492,17.9976
-99.5206,-67.5879,3.99492,17.9976
-99.5206,-67.5879,3.99492,17.9976
-99.5206,-67.5879,3.99492,17.9976
-99.5206,-67.5879,3.99492,17.9976
-99.5206,-67.5879,3.99492,17.9976
-99.5206,-67.5879,3.99492,17.9976
-99.5206,-67.5879,3.99492,17.9976
-99.5206,-67.5879,3.99492,17.9976
-99.5206,-67.5879,3.99492,17.9976
-99.5206,-67.5879,3.99492,17.9976
-99.5206,-67.5879,3.99492,17.9976
-99.5206,-67.5879,3.99492,17.9976
-99.5206,-67.5879,3.99492,17.9976
-99.5206,-67.5879,3.99492,17.9976
-99.5206,-67.5879,3.99492,17.9976
-99.5206,-67.5879,3.99492,17.9976
-99.5206,-67.5879,3.99492,17.9976
-99.5206,-67.5879,3.99492,17.9976
-99.5206,-67.5879,3.99492,17.9976
-99.5206,-67.5879,3.99492,17.9976
-99.5206,-67.5879,3.99492,17.9976
-99.5206,-67.5879,3.99492,17.9976
-99.5206,-67.5879,3.99492,17.9976
-99.5206,-67.5879,3.99492,17.9976
-99.5206,-67.5879,3.99492,17.9976
-99.5206,-67.5879,3.99492,17.9976
-99.5206,-67.5879,3.99492,17.9976
-99.5206,-67.5879,3.99492,17.9976
-99.5206,-67.5879,3.99492,17.9976
-99.5206,-67.5879,3.99492,17.9976
-99.5206,-67.5879,3.99492,17.9976
-99.5206,-67.5879,3.99492,17.9976
-99.5206,-67.5879,3.99492,17.9976
-99.5206,-67.5879,3.99492,17.9976
-99.5206,-67.5879,3.99492,17.9976
-99.5206,-67.5879,3.99492,17.9976
-99.5206,-67.5879,3.99492,17.9976
-99.5206,-67.5879,3.99492,17.9976
-99.5206,-67.5879,3.99492,17.9976
-99.5206,-67.5879,3.99492,17.9976
-99.5206,-67.5879,3.99492,17.9976
-99.5206,-67.5879,3.99492,17.9976
-99.5206,-67.5879,3.99492,17.9976
-99.5206,-67.5879,3.99492,17.9976
-99.5206,-67.5879,3.99492,17.9976
-99.5206,-67.5879,3.99492,17.9976
-99.5206,-67.5879,3.99492,17.9976
-99.5206,-67.5879,3.99492,17.9976
-99.5206,-67.5879,3.99492,17.9976
-99.5206,-67.5879,3.99492,17.9976
-99.5206,-67.5879,3.99492,17.9976
-99.5206,-67.5879,3.99492,17.9976
-99.5206,-67.5879,3.99492,17.9976
-99.5206,-67.5879,3.99492,17.9976
-99.5206,-67.5879,3.99492,17.9976
-99.5206,-67.5879,3.99492,17.9976
-99.5206,-67.5879,3.99492,17.9976
-99.5206,-67.5879,3.99492,17.9976
-99.5206,-67.5879,3.99492,17.9976
-99.5206,-67.5879,3.99492,17.9976
-99.5206,-67.5879,3.99492,17.9976
-99.5206,-67.5879,3.99492,17.9976
-99.5206,-67.5879,3.99492,17.9976
-99.5206,-67.5879,3.99492,17.9976
-99.5206,-67.5879,3.99492,17.9976
-99.5206,-67.5879,3.99492,17.9976
-99.5206,-67.5879,3.99492,17.9976
-99.5207,-67.6121,3.99492,17.9734
-99.5208,-67.6442,3.99492,17.9415
-99.5209,-67.6763,3.99492,17.9095
-99.5209,-67.7084,3.99492,17.8775
-99.521,-67.7404,3.99492,17.8455
-99.5211,-67.7725,3.99492,17.8135
-99.5212,-67.8046,3.99492,17.7815
-99.5213,-67.8367,3.99492,17.7495
-99.5214,-67.8688,3.99492,17.7175
-99.5215,-67.9008,3.99492,17.6855
-99.5216,-67.9329,3.99492,17.6535
-99.5217,-67.965,3.99492,17.6215
-99.5218,-67.9971,3.99492,17.5896
-99.5219,-68.0291,3.99492,17.5576
-99.5219,-68.0612,3.99492,17.5256
-99.522,-68.0933,3.99492,17.4936
-99.5221,-68.1254,3.99492,17.4616
-99.5222,-68.1575,3.99492,17.4296
-99.5223,-68.1895,3.99492,17.3976
-99.5224,-68.2216,3.99492,17.3656
-99.5225,-68.2537,3.99492,17.3336
-99.5226,-68.2858,3.99492,17.3016
-99.5227,-68.3179,3.99492,17.2697
-99.5228,-68.3499,3.99492,17.2377
-99.5229,-68.382,3.99492,17.2057
-99.5229,-68.4141,3.99492,17.1737
-99.523,-68.4462,3.99492,17.1417
-99.5231,-68.4782,3.99492,17.1097
-99.5232,-68.5103,3.99492,17.0777
-99.5233,-68.5424,3.99492,17.0457
-99.5234,-68.5745,3.99492,17.0137
-99.5235,-68.6066,3.99492,16.9817
-99.5236,-68.6386,3.99492,16.9498
-99.5237,-68.6707,3.99492,16.9178
-99.5237,-68.6789,3.99492,16.9096
-99.5237,-68.6789,3.99492,16.9096
-99.5237,-68.6789,3.99492,16.9096
-99.5237,-68.6789,3.99492,16.9096
-99.5237,-68.6789,3.99492,16.9096
-99.5237,-68.6789,3.99492,16.9096
-99.5237,-68.6789,3.99492,16.9096
-99.5237,-68.6789,3.99492,16.9096
-99.5237,-68.6789,3.99492,16.9096
-99.5237,-68.6789,3.99492,16.9096
-99.5237,-68.6789,3.99492,16.9096
-99.5237,-68.6789,3.99492,16.9096
-99.5237,-68.6789,3.99492,16.9096
-99.5237,-68.6789,3.99492,16.9096
-99.5237,-68.6789,3.99492,16.9096
-99.5237,-68.6789,3.99492,16.9096
-99.5237,-68.6789,3.99492,16.9096
-99.5237,-68.6789,3.99492,16.9096
-99.5237,-68.6789,3.99492,16.9096
-99.5237,-68.6789,3.99492,16.9096
-99.5237,-68.6789,3.99492,16.9096
-99.5237,-68.6789,3.99492,16.9096
-99.5237,-68.6789,3.99492,16.9096
-99.5237,-68.6789,3.99492,16.9096
-99.5237,-68.6789,3.99492,16.9096
-99.5237,-68.6789,3.99492,16.9096
-99.5237,-68.6789,3.99492,16.9096
-99.5237,-68.6789,3.99492,16.9096
-99.5237,-68.6789,3.99492,16.9096
-99.5237,-68.6789,3.99492,16.9096
-99.5237,-68.6789,3.99492,16.9096
-99.5237,-68.6789,3.99492,16.9096
-99.5237,-68.6789,3.99492,16.9096
-99.5237,-68.6789,3.99492,16.9096
-99.5187,-68.6789,3.99991,16.9441
-99.5119,-68.6789,4.0067,16.991
-99.5051,-68.6789,4.0135,17.038
-99.4983,-68.6789,4.02029,17.0849
-99.4915,-68.6789,4.02709,17.1319
-99.4847,-68.6789,4.03388,17.1788
-99.4779,-68.6789,4.04067,17.2257
-99.4711,-68.6789,4.04747,17.2727
-99.4643,-68.6789,4.05426,17.3196
-99.4576,-68.6789,4.06105,17.3666
-99.4508,-68.6789,4.06785,17.4135
-99.444,-68.6789,4.07464,17.4604
-99.4372,-68.6789,4.08143,17.5074
-99.4304,-68.6789,4.08823,17.5543
-99.4236,-68.6789,4.09502,17.6013
-99.4168,-68.6789,4.10181,17.6482
-99.41,-68.6789,4.10861,17.6952
-99.4032,-68.6789,4.1154,17.7421
-99.3964,-68.6789,4.1222,17.789
-99.3896,-68.6789,4.12899,17.836
-99.3828,-68.6789,4.13578,17.8829
-99.376,-68.6789,4.14258,17.9299
-99.3692,-68.6789,4.14937,17.9768
-99.3624,-68.6789,4.15616,18.0237
-99.3556,-68.6789,4.16296,18.0707
-99.3488,-68.6789,4.16975,18.1176
-99.342,-68.6789,4.17654,18.1646
-99.3352,-68.6789,4.18334,18.2115
-99.3284,-68.6789,4.19013,18.2585
-99.3217,-68.6789,4.19692,18.3054
-99.3149,-68.6789,4.20372,18.3523
-99.3081,-68.6789,4.21051,18.3993
-99.3013,-68.6789,4.2173,18.4462
-99.2945,-68.6789,4.2241,18.4932
-99.2926,-68.6789,4.22597,18.5061
-99.2926,-68.6789,4.22597,18.5061
-99.2926,-68.6789,4.22597,18.5061
-99.2926,-68.6789,4.22597,18.5061
-99.2926,-68.6789,4.22597,18.5061
-99.2926,-68.6789,4.22597,18.5061
-99.2926,-68.6789,4.22597,18.5061
-99.2926,-68.6789,4.22597,18.5061
-99.2926,-68.6789,4.22597,18.5061
-99.2926,-68.6789,4.22597,18.5061
-99.2926,-68.6789,4.22597,18.5061
-99.2926,-68.6789,4.22597,18.5061
-99.2926,-68.6789,4.22597,18.5061
-99.2926,-68.6789,4.22597,18.5061
-99.2926,-68.6789,4.22597,18.5061
-99.2926,-68.6789,4.22597,18.5061
-99.2926,-68.6789,4.22597,18.5061
-99.2926,-68.6789,4.22597,18.5061
-99.2926,-68.6789,4.22597,18.5061
-99.2926,-68.6789,4.22597,18.5061
-99.2926,-68.6789,4.22597,18.5061
-99.2926,-68.6789,4.22597,18.5061
-99.2926,-68.6789,4.22597,18.5061
-99.2926,-68.6789,4.22597,18.5061
-99.2926,-68.6789,4.22597,18.5061
-99.2926,-68.6789,4.22597,18.5061
-99.2926,-68.6789,4.22597,18.5061
-99.2926,-68.6789,4.22597,18.5061
-99.2926,-68.6789,4.22597,18.5061
-99.2926,-68.6789,4.22597,18.5061
-99.2926,-68.6789,4.22597,18.5061
-99.2926,-68.6789,4.22597,18.5061
-99.2926,-68.6789,4.22597,18.5061
-99.2926,-68.6789,4.22597,18.5061
-99.2926,-68.6789,4.22597,18.5061
-99.2927,-68.679,4.22597,18.5061
-99.2927,-68.679,4.22597,18.5061
-99.2927,-68.679,4.22597,18.5061
-99.2927,-68.679,4.22597,18.5061
-99.2928,-68.6791,4.22597,18.5061
-99.2928,-68.6791,4.22597,18.5061
-99.2928,-68.6791,4.22597,18.5061
-99.2929,-68.6792,4.22597,18.5061
-99.2929,-68.6792,4.22597,18.5061
-99.2929,-68.6792,4.22597,18.5061
-99.2929,-68.6792,4.22597,18.5061
-99.293,-68.6793,4.22597,18.5061
-99.293,-68.6793,4.22597,18.5061
-99.293,-68.6793,4.22597,18.5061
-99.2931,-68.6794,4.22597,18.5061
-99.2931,-68.6794,4.22597,18.5061
-99.2931,-68.6794,4.22597,18.5061
-99.2932,-68.6795,4.22597,18.5061
-99.2932,-68.6795,4.22597,18.5061
-99.2932,-68.6795,4.22597,18.5061
-99.2932,-68.6795,4.22597,18.5061
-99.2933,-68.6796,4.22597,18.5061
-99.2933,-68.6796,4.22597,18.5061
-99.2933,-68.6796,4.22597,18.5061
-99.2934,-68.6797,4.22597,18.5061
-99.2934,-68.6797,4.22597,18.5061
-99.2934,-68.6797,4.22597,18.5061
-99.2934,-68.6797,4.22597,18.5061
-99.2935,-68.6798,4.22597,18.5061
-99.2935,-68.6798,4.22597,18.5061
-99.2935,-68.6798,4.22597,18.5061
-99.2936,-68.6799,4.22597,18.5061
-99.2936,-68.6799,4.22597,18.5061
-99.2936,-68.6799,4.22597,18.5061
-99.2936,-68.6799,4.22597,18.5061
-99.2936,-68.6799,4.22597,18.5061
-99.2936,-68.6799,4.22597,18.5061
-99.2936,-68.6799,4.22597,18.5061
-99.2936,-68.6799,4.22597,18.5061
-99.2936,-68.6799,4.22597,18.5061
-99.2936,-68.6799,4.22597,18.5061
-99.2936,-68.6799,4.22597,18.5061
-99.2936,-68.6799,4.22597,18.5061
-99.2936,-68.6799,4.22597,18.5061
-99.2936,-68.6799,4.22597,18.5061
-99.2936,-68.6799,4.22597,18.5061
