-97.6308,-71.6686,0.909917,10.3017
-97.6763,-71.6687,0.864437,10.3017
-97.7219,-71.6687,0.818956,10.3017
-97.7674,-71.6688,0.773476,10.3017
-97.813,-71.6688,0.727995,10.3017
-97.8585,-71.6689,0.682515,10.3017
-97.904,-71.669,0.637034,10.3017
-97.9496,-71.669,0.591554,10.3017
-97.9951,-71.6691,0.546073,10.3017
-98.0407,-71.6692,0.500593,10.3017
-98.0862,-71.6692,0.455112,10.3017
-98.1317,-71.6693,0.409632,10.3017
-98.1773,-71.6693,0.364151,10.3017
-98.2228,-71.6694,0.318671,10.3017
-98.2684,-71.6695,0.273191,10.3017
-98.2975,-71.6695,0.244091,10.3017
-98.2975,-71.6695,0.244091,10.3017
-98.2975,-71.6695,0.244091,10.3017
-98.2975,-71.6695,0.244091,10.3017
-98.2975,-71.6695,0.244091,10.3017
-98.2975,-71.6695,0.244091,10.3017
-98.2975,-71.6695,0.244091,10.3017
-98.2975,-71.6695,0.244091,10.3017
-98.2975,-71.6695,0.244091,10.3017
-98.2975,-71.6695,0.244091,10.3017
-98.2975,-71.6695,0.244091,10.3017
-98.2975,-71.6695,0.244091,10.3017
-98.2975,-71.6695,0.244091,10.3017
-98.2975,-71.6695,0.244091,10.3017
-98.2975,-71.6695,0.244091,10.3017
-98.2975,-71.6695,0.280284,10.269
-98.2975,-71.6695,0.330529,10.2237
-98.2975,-71.6695,0.380773,10.1783
-98.2975,-71.6695,0.431017,10.133
-98.2975,-71.6695,0.481261,10.0876
-98.2975,-71.6695,0.531505,10.0423
-98.2975,-71.6695,0.581749,9.99694
-98.2975,-71.6695,0.631993,9.95159
-98.2975,-71.6695,0.682237,9.90624
-98.2975,-71.6695,0.732481,9.86089
-98.2975,-71.6695,0.782726,9.81554
-98.2975,-71.6695,0.83297,9.77019
-98.2975,-71.6695,0.883214,9.72485
-98.2975,-71.6695,0.933458,9.6795
-98.2975,-71.6695,0.979656,9.6378
-98.2975,-71.6695,0.979656,9.6378
-98.2975,-71.6695,0.979656,9.6378
-98.2975,-71.6695,0.979656,9.6378
-98.2975,-71.6695,0.979656,9.6378
-98.2975,-71.6695,0.979656,9.6378
-98.2975,-71.6695,0.979656,9.6378
-98.2975,-71.6695,0.979656,9.6378
-98.2975,-71.6695,0.979656,9.6378
-98.2975,-71.6695,0.979656,9.6378
-98.2975,-71.6695,0.979656,9.6378
-98.2975,-71.6695,0.979656,9.6378
-98.2975,-71.6695,0.979656,9.6378
-98.2975,-71.6695,0.979656,9.6378
-98.2975,-71.6695,0.979656,9.6378
-98.2975,-71.6695,0.979656,9.6378
-98.2975,-71.6695,0.979656,9.6378
-98.2975,-71.6695,0.979656,9.6378
-98.2975,-71.6695,0.979656,9.6378
-98.2975,-71.6695,0.979656,9.6378
-98.2975,-71.6695,0.979656,9.6378
-98.2975,-71.6695,0.979656,9.6378
-98.2975,-71.6695,0.979656,9.6378
-98.2975,-71.6695,0.979656,9.6378
-98.2975,-71.6695,0.979656,9.6378
-98.2975,-71.6695,0.979656,9.6378
-98.2975,-71.6695,0.979656,9.6378
-98.2975,-71.6695,0.979656,9.6378
-98.2975,-71.6695,0.979656,9.6378
-98.2975,-71.6695,0.979656,9.6378
-98.2975,-71.6695,0.979656,9.6378
-98.2975,-71.6695,0.979656,9.6378
-98.2975,-71.6695,0.979656,9.6378
-98.2975,-71.6695,0.979656,9.6378
-98.2975,-71.6695,0.979656,9.6378
-98.2975,-71.6695,0.979656,9.6378
-98.2975,-71.6695,0.979656,9.6378
-98.2975,-71.6695,0.979656,9.6378
-98.2975,-71.6695,0.979656,9.6378
-98.2975,-71.6695,0.979656,9.6378
-98.2975,-71.6695,0.979656,9.6378
-98.2975,-71.6695,0.979656,9.6378
-98.2975,-71.6695,0.979656,9.6378
-98.2975,-71.6695,0.979656,9.6378
-98.2975,-71.6624,0.979656,9.64486
-98.2975,-71.6186,0.979656,9.68868
-98.2975,-71.5748,0.979656,9.73251
-98.2975,-71.531,0.979656,9.77634
-98.2975,-71.4871,0.979656,9.82016
-98.2975,-71.4433,0.979656,9.86399
-98.2975,-71.3995,0.979656,9.90781
-98.2975,-71.3557,0.979656,9.95164
-98.2975,-71.3118,0.979656,9.99546
-98.2975,-71.268,0.979656,10.0393
-98.2975,-71.2242,0.979656,10.0831
-98.2975,-71.1804,0.979656,10.1269
-98.2975,-71.1365,0.979656,10.1708
-98.2975,-71.0927,0.979656,10.2146
-98.2975,-71.0489,0.979656,10.2584
-98.2975,-71.0279,0.979656,10.2794
-98.2975,-71.0279,0.979656,10.2794
-98.2975,-71.0279,0.979656,10.2794
-98.2975,-71.0279,0.979656,10.2794
-98.2975,-71.0279,0.979656,10.2794
-98.2975,-71.0279,0.979656,10.2794
-98.2975,-71.0279,0.979656,10.2794
-98.2975,-71.0279,0.979656,10.2794
-98.2975,-71.0279,0.979656,10.2794
-98.2975,-71.0279,0.979656,10.2794
-98.2975,-71.0279,0.979656,10.2794
-98.2975,-71.0279,0.979656,10.2794
-98.2975,-71.0279,0.979656,10.2794
-98.2975,-71.0279,0.979656,10.2794
-98.2975,-71.0279,0.979656,10.2794
-98.3286,-71.0279,0.948512,10.2794
-98.364,-71.0279,0.913177,10.2794
-98.3993,-71.0279,0.877843,10.2794
-98.4346,-71.0279,0.842508,10.2794
-98.47,-71.0279,0.807173,10.2794
-98.5053,-71.0279,0.771839,10.2794
-98.5407,-71.0279,0.736504,10.2794
-98.576,-71.0279,0.701169,10.2794
-98.6113,-71.0279,0.665835,10.2794
-98.6467,-71.0279,0.6305,10.2794
-98.682,-71.0279,0.595165,10.2794
-98.7173,-71.0279,0.559831,10.2794
-98.7527,-71.0279,0.524496,10.2794
-98.788,-71.0279,0.489161,10.2794
-98.8148,-71.0279,0.462363,10.2794
-98.8148,-71.0279,0.462363,10.2794
-98.8148,-71.0279,0.462363,10.2794
-98.8148,-71.0279,0.462363,10.2794
-98.8148,-71.0279,0.462363,10.2794
-98.8148,-71.0279,0.462363,10.2794
-98.8148,-71.0279,0.462363,10.2794
-98.8148,-71.0279,0.462363,10.2794
-98.8148,-71.0279,0.462363,10.2794
-98.8148,-71.0279,0.462363,10.2794
-98.8148,-71.0279,0.462363,10.2794
-98.8148,-71.0279,0.462363,10.2794
-98.8148,-71.0279,0.462363,10.2794
-98.8148,-71.0279,0.462363,10.2794
-98.8148,-71.0279,0.462363,10.2794
-98.8146,-70.8709,0.462363,10.4362
-98.8142,-70.6099,0.462363,10.6968
-98.8139,-70.349,0.462363,10.9574
-98.8135,-70.0881,0.462363,11.218
-98.8132,-69.8271,0.462363,11.4785
-98.8128,-69.5662,0.462363,11.7391
-98.8125,-69.3052,0.462363,11.9997
-98.8121,-69.0443,0.462363,12.2603
-98.8117,-68.7834,0.462363,12.5209
-98.8114,-68.5224,0.462363,12.7815
-98.811,-68.2615,0.462363,13.042
-98.8107,-68.0006,0.462363,13.3026
-98.8103,-67.7396,0.462363,13.5632
-98.81,-67.4787,0.462363,13.8238
-98.8096,-67.2177,0.462363,14.0844
-98.8096,-67.2078,0.462363,14.0943
-98.8096,-67.2078,0.462363,14.0943
-98.8096,-67.2078,0.462363,14.0943
-98.8096,-67.2078,0.462363,14.0943
-98.8096,-67.2078,0.462363,14.0943
-98.8096,-67.2078,0.462363,14.0943
-98.8096,-67.2078,0.462363,14.0943
-98.8096,-67.2078,0.462363,14.0943
-98.8096,-67.2078,0.462363,14.0943
-98.8096,-67.2078,0.462363,14.0943
-98.8096,-67.2078,0.462363,14.0943
-98.8096,-67.2078,0.462363,14.0943
-98.8096,-67.2078,0.462363,14.0943
-98.8096,-67.2078,0.462363,14.0943
-98.8096,-67.2078,0.537912,14.0943
-98.8096,-67.2078,0.772459,14.0943
-98.8096,-67.2078,1.007,14.0943
-98.8096,-67.2078,1.24155,14.0943
-98.8096,-67.2078,1.4761,14.0943
-98.8096,-67.2078,1.71064,14.0943
-98.8096,-67.2078,1.94519,14.0943
-98.8096,-67.2078,2.17974,14.0943
-98.8096,-67.2078,2.41428,14.0943
-98.8096,-67.2078,2.64883,14.0943
-98.8096,-67.2078,2.88338,14.0943
-98.8096,-67.2078,3.11792,14.0943
-98.8096,-67.2078,3.35247,14.0943
-98.8096,-67.2078,3.58701,14.0943
-98.8096,-67.2078,3.82156,14.0943
-98.8096,-67.2078,3.89608,14.0943
-98.8096,-67.2078,3.89608,14.0943
-98.8096,-67.2078,3.89608,14.0943
-98.8096,-67.2078,3.89608,14.0943
-98.8096,-67.2078,3.89608,14.0943
-98.8096,-67.2078,3.89608,14.0943
-98.8096,-67.2078,3.89608,14.0943
-98.8096,-67.2078,3.89608,14.0943
-98.8096,-67.2078,3.89608,14.0943
-98.8096,-67.2078,3.89608,14.0943
-98.8096,-67.2078,3.89608,14.0943
-98.8096,-67.2078,3.89608,14.0943
-98.8096,-67.2078,3.89608,14.0943
-98.8096,-67.2078,3.89608,14.0943
-98.8121,-67.2078,3.89356,14.0943
-98.8707,-67.2069,3.83411,14.0943
-98.9293,-67.2061,3.77466,14.0943
-98.9879,-67.2052,3.71521,14.0943
-99.0465,-67.2044,3.65576,14.0943
-99.1051,-67.2035,3.5963,14.0943
-99.1637,-67.2027,3.53685,14.0943
-99.2223,-67.2018,3.4774,14.0943
-99.2809,-67.201,3.41795,14.0943
-99.3396,-67.2001,3.3585,14.0943
-99.3982,-67.1993,3.29905,14.0943
-99.4568,-67.1984,3.2396,14.0943
-99.5154,-67.1976,3.18015,14.0943
-99.574,-67.1968,3.1207,14.0943
-99.6326,-67.1959,3.06125,14.0943
-99.6676,-67.1954,3.02574,14.0943
-99.6676,-67.1954,3.02574,14.0943
-99.6676,-67.1954,3.02574,14.0943
-99.6676,-67.1954,3.02574,14.0943
-99.6676,-67.1954,3.02574,14.0943
-99.6676,-67.1954,3.02574,14.0943
-99.6676,-67.1954,3.02574,14.0943
-99.6676,-67.1954,3.02574,14.0943
-99.6676,-67.1954,3.02574,14.0943
-99.6676,-67.1954,3.02574,14.0943
-99.6676,-67.1954,3.02574,14.0943
-99.6676,-67.1954,3.02574,14.0943
-99.6676,-67.1954,3.02574,14.0943
-99.6676,-67.1954,3.02574,14.0943
-99.6676,-67.1954,3.02574,14.0943
-99.6676,-67.2159,3.02574,14.0739
-99.6676,-67.2427,3.02574,14.0471
-99.6676,-67.2695,3.02574,14.0202
-99.6676,-67.2963,3.02574,13.9934
-99.6676,-67.3231,3.02574,13.9666
-99.6676,-67.3499,3.02574,13.9398
-99.6676,-67.3767,3.02574,13.913
-99.6676,-67.4035,3.02574,13.8862
-99.6676,-67.4303,3.02574,13.8594
-99.6676,-67.4571,3.02574,13.8326
-99.6676,-67.484,3.02574,13.8058
-99.6676,-67.5108,3.02574,13.779
-99.6676,-67.5376,3.02574,13.7522
-99.6676,-67.5644,3.02574,13.7254
-99.6676,-67.5879,3.02574,13.7019
-99.6676,-67.5879,3.02574,13.7019
-99.6676,-67.5879,3.02574,13.7019
-99.6676,-67.5879,3.02574,13.7019
-99.6676,-67.5879,3.02574,13.7019
-99.6676,-67.5879,3.02574,13.7019
-99.6676,-67.5879,3.02574,13.7019
-99.6676,-67.5879,3.02574,13.7019
-99.6676,-67.5879,3.02574,13.7019
-99.6676,-67.5879,3.02574,13.7019
-99.6676,-67.5879,3.02574,13.7019
-99.6676,-67.5879,3.02574,13.7019
-99.6676,-67.5879,3.02574,13.7019
-99.6676,-67.5879,3.02574,13.7019
-99.6676,-67.5879,3.02574,13.7019
-99.6627,-67.5879,3.05773,13.8437
-99.6527,-67.5879,3.12393,14.1371
-99.6427,-67.5879,3.19013,14.4305
-99.6326,-67.5879,3.25633,14.7239
-99.6226,-67.5879,3.32253,15.0174
-99.6125,-67.5879,3.38873,15.3108
-99.6025,-67.5879,3.45494,15.6042
-99.5925,-67.5879,3.52114,15.8977
-99.5824,-67.5879,3.58734,16.1911
-99.5724,-67.5879,3.65354,16.4845
-99.5623,-67.5879,3.71974,16.7779
-99.5523,-67.5879,3.78594,17.0714
-99.5423,-67.5879,3.85215,17.3648
-99.5322,-67.5879,3.91835,17.6582
-99.5222,-67.5879,3.98455,17.9516
-99.5206,-67.5879,3.99492,17.9976
-99.5206,-67.5879,3.99492,17.9976
-99.5206,-67.5879,3.99492,17.9976
-99.5206,-67.5879,3.99492,17.9976
-99.5206,-67.5879,3.99492,17.9976
-99.5206,-67.5879,3.99492,17.9976
-99.5206,-67.5879,3.99492,17.9976
-99.5206,-67.5879,3.99492,17.9976
-99.5206,-67.5879,3.99492,17.9976
-99.5206,-67.5879,3.99492,17.9976
-99.5206,-67.5879,3.99492,17.9976
-99.5206,-67.5879,3.99492,17.9976
-99.5206,-67.5879,3.99492,17.9976
-99.5206,-67.5879,3.99492,17.9976
-99.5206,-67.5879,3.99492,17.9976
-99.5206,-67.5879,3.99492,17.9976
-99.5206,-67.5879,3.99492,17.9976
-99.5206,-67.5879,3.99492,17.9976
-99.5206,-67.5879,3.99492,17.9976
-99.5206,-67.5879,3.99492,17.9976
-99.5206,-67.5879,3.99492,17.9976
-99.5206,-67.5879,3.99492,17.9976
-99.5206,-67.5879,3.99492,17.9976
-99.5206,-67.5879,3.99492,17.9976
-99.5206,-67.5879,3.99492,17.9976
-99.5206,-67.5879,3.99492,17.9976
-99.5206,-67.5879,3.99492,17.9976
-99.5206,-67.5879,3.99492,17.9976
-99.5206,-67.5879,3.99492,17.9976
-99.5206,-67.5879,3.99492,17.9976
-99.5206,-67.5879,3.99492,17.9976
-99.5206,-67.5879,3.99492,17.9976
-99.5206,-67.5879,3.99492,17.9976
-99.5206,-67.5879,3.99492,17.9976
-99.5206,-67.5879,3.99492,17.9976
-99.5206,-67.5879,3.99492,17.9976
-99.5206,-67.5879,3.99492,17.9976
-99.5206,-67.5879,3.99492,17.9976
-99.5206,-67.5879,3.99492,17.9976
-99.5206,-67.5879,3.99492,17.9976
-99.5206,-67.5879,3.99492,17.9976
-99.5206,-67.5879,3.99492,17.9976
-99.5206,-67.5879,3.99492,17.9976
-99.5206,-67.5879,3.99492,17.9976
-99.5206,-67.5879,3.99492,17.9976
-99.5206,-67.5879,3.99492,17.9976
-99.5206,-67.5879,3.99492,17.9976
-99.5206,-67.5879,3.99492,17.9976
-99.5206,-67.5879,3.99492,17.9976
-99.5206,-67.5879,3.99492,17.9976
-99.5206,-67.5879,3.99492,17.9976
-99.5206,-67.5879,3.99492,17.9976
-99.5206,-67.5879,3.99492,17.9976
-99.5206,-67.5879,3.99492,17.9976
-99.5206,-67.5879,3.99492,17.9976
-99.5206,-67.5879,3.99492,17.9976
-99.5206,-67.5879,3.99492,17.9976
-99.5206,-67.5879,3.99492,17.9976
-99.5206,-67.5879,3.99492,17.9976
-99.5206,-67.5879,3.99492,17.9976
-99.5206,-67.5879,3.99492,17.9976
-99.5206,-67.5879,3.99492,17.9976
-99.5206,-67.5879,3.99492,17.9976
-99.5206,-67.5879,3.99492,17.9976
-99.5206,-67.5879,3.99492,17.9976
-99.5206,-67.5879,3.99492,17.9976
-99.5206,-67.5879,3.99492,17.9976
-99.5206,-67.5879,3.99492,17.9976
-99.5206,-67.5879,3.99492,17.9976
-99.5206,-67.5879,3.99492,17.9976
-99.5206,-67.5879,3.99492,17.9976
-99.5206,-67.5879,3.99492,17.9976
-99.5206,-67.5879,3.99492,17.9976
-99.5207,-67.6359,3.99492,17.9497
-99.5209,-67.7104,3.99492,17.8754
-99.5212,-67.785,3.99492,17.8011
-99.5214,-67.8595,3.99492,17.7268
-99.5216,-67.934,3.99492,17.6525
-99.5218,-68.0085,3.99492,17.5781
-99.522,-68.083,3.99492,17.5038
-99.5222,-68.1576,3.99492,17.4295
-99.5224,-68.2321,3.99492,17.3552
-99.5226,-68.3066,3.99492,17.2809
-99.5229,-68.3811,3.99492,17.2065
-99.5231,-68.4557,3.99492,17.1322
-99.5233,-68.5302,3.99492,17.0579
-99.5235,-68.6047,3.99492,16.9836
-99.5237,-68.6789,3.99492,16.9096
-99.5237,-68.6789,3.99492,16.9096
-99.5237,-68.6789,3.99492,16.9096
-99.5237,-68.6789,3.99492,16.9096
-99.5237,-68.6789,3.99492,16.9096
-99.5237,-68.6789,3.99492,16.9096
-99.5237,-68.6789,3.99492,16.9096
-99.5237,-68.6789,3.99492,16.9096
-99.5237,-68.6789,3.99492,16.9096
-99.5237,-68.6789,3.99492,16.9096
-99.5237,-68.6789,3.99492,16.9096
-99.5237,-68.6789,3.99492,16.9096
-99.5237,-68.6789,3.99492,16.9096
-99.5237,-68.6789,3.99492,16.9096
-99.5237,-68.6789,3.99492,16.9096
-99.5179,-68.6789,4.00067,16.9494
-99.5022,-68.6789,4.01646,17.0584
-99.4864,-68.6789,4.03224,17.1675
-99.4706,-68.6789,4.04802,17.2765
-99.4548,-68.6789,4.0638,17.3856
-99.439,-68.6789,4.07959,17.4946
-99.4232,-68.6789,4.09537,17.6037
-99.4074,-68.6789,4.11115,17.7127
-99.3917,-68.6789,4.12693,17.8218
-99.3759,-68.6789,4.14271,17.9308
-99.3601,-68.6789,4.1585,18.0399
-99.3443,-68.6789,4.17428,18.1489
-99.3285,-68.6789,4.19006,18.258
-99.3127,-68.6789,4.20584,18.367
-99.2969,-68.6789,4.22163,18.4761
-99.2926,-68.6789,4.22597,18.5061
-99.2926,-68.6789,4.22597,18.5061
-99.2926,-68.6789,4.22597,18.5061
-99.2926,-68.6789,4.22597,18.5061
-99.2926,-68.6789,4.22597,18.5061
-99.2926,-68.6789,4.22597,18.5061
-99.2926,-68.6789,4.22597,18.5061
-99.2926,-68.6789,4.22597,18.5061
-99.2926,-68.6789,4.22597,18.5061
-99.2926,-68.6789,4.22597,18.5061
-99.2926,-68.6789,4.22597,18.5061
-99.2926,-68.6789,4.22597,18.5061
-99.2926,-68.6789,4.22597,18.5061
-99.2926,-68.6789,4.22597,18.5061
-99.2926,-68.6789,4.22597,18.5061
-99.2927,-68.679,4.22597,18.5061
-99.2927,-68.679,4.22597,18.5061
-99.2928,-68.6791,4.22597,18.5061
-99.2929,-68.6792,4.22597,18.5061
-99.2929,-68.6792,4.22597,18.5061
-99.293,-68.6793,4.22597,18.5061
-99.2931,-68.6794,4.22597,18.5061
-99.2932,-68.6795,4.22597,18.5061
-99.2932,-68.6795,4.22597,18.5061
-99.2933,-68.6796,4.22597,18.5061
-99.2934,-68.6797,4.22597,18.5061
-99.2934,-68.6797,4.22597,18.5061
-99.2935,-68.6798,4.22597,18.5061
-99.2936,-68.6799,4.22597,18.5061
-99.2936,-68.6799,4.22597,18.5061
-99.2936,-68.6799,4.22597,18.5061
-99.2936,-68.6799,4.22597,18.5061
-99.2936,-68.6799,4.22597,18.5061
-99.2936,-68.6799,4.22597,18.5061
-99.2936,-68.6799,4.22597,18.5061
-99.2936,-68.6799,4.22597,18.5061
-99.2936,-68.6799,4.22597,18.5061
-99.2936,-68.6799,4.22597,18.5061
-99.2936,-68.6799,4.22597,18.5061
-99.2936,-68.6799,4.22597,18.5061
-99.2936,-68.6799,4.22597,18.5061
-99.2936,-68.6799,4.22597,18.5061
-99.2936,-68.6799,4.22597,18.5061
-99.2936,-68.6799,4.22597,18.5061
-99.2482,-69,4.56044,18.3307
-99.1918,-69.3974,4.9758,18.1128
-99.1354,-69.7949,5.39115,17.8949
-99.079,-70.1923,5.80651,17.6771
-99.0225,-70.5898,6.22187,17.4592
-98.9661,-70.9872,6.63722,17.2414
-98.9097,-71.3847,7.05258,17.0235
-98.8533,-71.7822,7.46793,16.8057
-98.7969,-72.1796,7.88329,16.5878
-98.7405,-72.5771,8.29864,16.3699
-98.6841,-72.9745,8.714,16.1521
-98.6277,-73.372,9.12935,15.9342
-98.5713,-73.7694,9.54471,15.7164
-98.5149,-74.1669,9.96006,15.4985
-98.4678,-74.4986,10.3067,15.3167
-98.4678,-74.4986,10.3067,15.3167
-98.4678,-74.4986,10.3067,15.3167
-98.4678,-74.4986,10.3067,15.3167
-98.4678,-74.4986,10.3067,15.3167
-98.4678,-74.4986,10.3067,15.3167
-98.4678,-74.4986,10.3067,15.3167
-98.4678,-74.4986,10.3067,15.3167
-98.4678,-74.4986,10.3067,15.3167
-98.4678,-74.4986,10.3067,15.3167
-98.4678,-74.4986,10.3067,15.3167
-98.4678,-74.4986,10.3067,15.3167
-98.4678,-74.4986,10.3067,15.3167
-98.4678,-74.4986,10.3067,15.3167
-98.4678,-74.4986,10.3067,15.3167
-98.4678,-74.5277,10.3067,15.2876
-98.4678,-74.5832,10.3067,15.2321
-98.4678,-74.6386,10.3067,15.1767
-98.4678,-74.6941,10.3067,15.1212
-98.4678,-74.7496,10.3067,15.0657
-98.4678,-74.805,10.3067,15.0103
-98.4678,-74.8605,10.3067,14.9548
-98.4678,-74.9159,10.3067,14.8994
-98.4678,-74.9714,10.3067,14.8439
-98.4678,-75.0268,10.3067,14.7885
-98.4678,-75.0823,10.3067,14.733
-98.4678,-75.1377,10.3067,14.6776
-98.4678,-75.1932,10.3067,14.6221
-98.4678,-75.2486,10.3067,14.5667
-98.4678,-75.3041,10.3067,14.5112
-98.4678,-75.3104,10.3067,14.5049
-98.4678,-75.3104,10.3067,14.5049
-98.4678,-75.3104,10.3067,14.5049
-98.4678,-75.3104,10.3067,14.5049
-98.4678,-75.3104,10.3067,14.5049
-98.4678,-75.3104,10.3067,14.5049
-98.4678,-75.3104,10.3067,14.5049
-98.4678,-75.3104,10.3067,14.5049
-98.4678,-75.3104,10.3067,14.5049
-98.4678,-75.3104,10.3067,14.5049
-98.4678,-75.3104,10.3067,14.5049
-98.4678,-75.3104,10.3067,14.5049
-98.4678,-75.3104,10.3067,14.5049
-98.4678,-75.3104,10.3067,14.5049
-98.4678,-75.3104,10.3364,14.568
-98.4678,-75.3104,10.4569,14.8244
-98.4678,-75.3104,10.5775,15.0807
-98.4678,-75.3104,10.698,15.3371
-98.4678,-75.3104,10.8186,15.5935
-98.4678,-75.3104,10.9392,15.8499
-98.4678,-75.3104,11.0597,16.1063
-98.4678,-75.3104,11.1803,16.3627
-98.4678,-75.3104,11.3008,16.6191
-98.4678,-75.3104,11.4214,16.8755
-98.4678,-75.3104,11.542,17.1319
-98.4678,-75.3104,11.6625,17.3883
-98.4678,-75.3104,11.7831,17.6446
-98.4678,-75.3104,11.9037,17.901
-98.4678,-75.3104,12.0242,18.1574
-98.4678,-75.3104,12.0717,18.2584
-98.4678,-75.3104,12.0717,18.2584
-98.4678,-75.3104,12.0717,18.2584
-98.4678,-75.3104,12.0717,18.2584
-98.4678,-75.3104,12.0717,18.2584
-98.4678,-75.3104,12.0717,18.2584
-98.4678,-75.3104,12.0717,18.2584
-98.4678,-75.3104,12.0717,18.2584
-98.4678,-75.3104,12.0717,18.2584
-98.4678,-75.3104,12.0717,18.2584
-98.4678,-75.3104,12.0717,18.2584
-98.4678,-75.3104,12.0717,18.2584
-98.4678,-75.3104,12.0717,18.2584
-98.4678,-75.3104,12.0717,18.2584
-98.4678,-75.3104,12.0717,18.2584
-98.4284,-75.3101,12.1109,18.2584
-98.3875,-75.3098,12.1514,18.2584
-98.3467,-75.3095,12.1919,18.2584
-98.3059,-75.3092,12.2324,18.2584
-98.2651,-75.3089,12.2729,18.2584
-98.2243,-75.3086,12.3135,18.2584
-98.1835,-75.3084,12.354,18.2584
-98.1427,-75.3081,12.3945,18.2584
-98.1019,-75.3078,12.435,18.2584
-98.061,-75.3075,12.4755,18.2584
-98.0202,-75.3072,12.5161,18.2584
-97.9794,-75.3069,12.5566,18.2584
-97.9386,-75.3066,12.5971,18.2584
-97.8978,-75.3063,12.6376,18.2584
-97.8703,-75.3061,12.6649,18.2584
-97.8703,-75.3061,12.6649,18.2584
-97.8703,-75.3061,12.6649,18.2584
-97.8703,-75.3061,12.6649,18.2584
-97.8703,-75.3061,12.6649,18.2584
-97.8703,-75.3061,12.6649,18.2584
-97.8703,-75.3061,12.6649,18.2584
-97.8703,-75.3061,12.6649,18.2584
-97.8703,-75.3061,12.6649,18.2584
-97.8703,-75.3061,12.6649,18.2584
-97.8703,-75.3061,12.6649,18.2584
-97.8703,-75.3061,12.6649,18.2584
-97.8703,-75.3061,12.6649,18.2584
-97.8703,-75.3061,12.6649,18.2584
-97.8703,-75.3061,12.6649,18.2584
-97.8702,-75.3666,12.6649,18.1978
-97.8701,-75.4547,12.6649,18.1096
-97.87,-75.5428,12.6649,18.0214
-97.8699,-75.6309,12.6649,17.9332
-97.8698,-75.719,12.6649,17.845
-97.8697,-75.8071,12.6649,17.7568
-97.8696,-75.8952,12.6649,17.6686
-97.8695,-75.9833,12.6649,17.5805
-97.8694,-76.0714,12.6649,17.4923
-97.8693,-76.1595,12.6649,17.4041
-97.8692,-76.2475,12.6649,17.3159
-97.8691,-76.3356,12.6649,17.2277
-97.869,-76.4237,12.6649,17.1395
-97.8689,-76.5118,12.6649,17.0513
-97.8688,-76.5958,12.6649,16.9672
-97.8688,-76.5958,12.6649,16.9672
-97.8688,-76.5958,12.6649,16.9672
-97.8688,-76.5958,12.6649,16.9672
-97.8688,-76.5958,12.6649,16.9672
-97.8688,-76.5958,12.6649,16.9672
-97.8688,-76.5958,12.6649,16.9672
-97.8688,-76.5958,12.6649,16.9672
-97.8688,-76.5958,12.6649,16.9672
-97.8688,-76.5958,12.6649,16.9672
-97.8688,-76.5958,12.6649,16.9672
-97.8688,-76.5958,12.6649,16.9672
-97.8688,-76.5958,12.6649,16.9672
-97.8688,-76.5958,12.6649,16.9672
-97.8688,-76.5958,12.6649,16.9672
-97.85,-76.5958,12.6837,17.0067
-97.8038,-76.5958,12.7299,17.1038
-97.7576,-76.5958,12.7761,17.2009
-97.7114,-76.5958,12.8223,17.298
-97.6652,-76.5958,12.8685,17.3951
-97.6189,-76.5958,12.9148,17.4922
-97.5727,-76.5958,12.961,17.5893
-97.5265,-76.5958,13.0072,17.6864
-97.4803,-76.5958,13.0534,17.7835
-97.4341,-76.5958,13.0996,17.8806
-97.3879,-76.5958,13.1458,17.9777
-97.3417,-76.5958,13.192,18.0748
-97.2955,-76.5958,13.2382,18.1719
-97.2493,-76.5958,13.2844,18.269
-97.2031,-76.5958,13.3306,18.3661
-97.1923,-76.5958,13.3414,18.3887
-97.1923,-76.5958,13.3414,18.3887
-97.1923,-76.5958,13.3414,18.3887
-97.1923,-76.5958,13.3414,18.3887
-97.1923,-76.5958,13.3414,18.3887
-97.1923,-76.5958,13.3414,18.3887
-97.1923,-76.5958,13.3414,18.3887
-97.1923,-76.5958,13.3414,18.3887
-97.1923,-76.5958,13.3414,18.3887
-97.1923,-76.5958,13.3414,18.3887
-97.1923,-76.5958,13.3414,18.3887
-97.1923,-76.5958,13.3414,18.3887
-97.1923,-76.5958,13.3414,18.3887
-97.1923,-76.5958,13.3414,18.3887
-97.1923,-76.5958,13.3414,18.3887
-97.1923,-76.5958,13.3414,18.3887
-97.1922,-76.5957,13.3414,18.3887
-97.1922,-76.5957,13.3414,18.3887
-97.1921,-76.5956,13.3414,18.3887
-97.1921,-76.5956,13.3414,18.3887
-97.192,-76.5955,13.3414,18.3887
-97.192,-76.5955,13.3414,18.3887
-97.192,-76.5955,13.3414,18.3887
-97.1919,-76.5954,13.3414,18.3887
-97.1919,-76.5954,13.3414,18.3887
-97.1918,-76.5953,13.3414,18.3887
-97.1918,-76.5953,13.3414,18.3887
-97.1918,-76.5953,13.3414,18.3887
-97.1917,-76.5952,13.3414,18.3887
-97.1917,-76.5952,13.3414,18.3887
-97.1917,-76.5952,13.3414,18.3887
-97.1917,-76.5952,13.3414,18.3887
-97.1917,-76.5952,13.3414,18.3887
-97.1917,-76.5952,13.3414,18.3887
-97.1917,-76.5952,13.3414,18.3887
-97.1917,-76.5952,13.3414,18.3887
-97.1917,-76.5952,13.3414,18.3887
-97.1917,-76.5952,13.3414,18.3887
-97.1917,-76.5952,13.3414,18.3887
-97.1917,-76.5952,13.3414,18.3887
-97.1917,-76.5952,13.3414,18.3887
-97.1917,-76.5952,13.3414,18.3887
-97.1917,-76.5952,13.3414,18.3887
-97.1917,-76.5952,13.3414,18.3887
-97.1911,-76.5946,13.3414,18.4621
-97.1905,-76.594,13.3414,18.5487
-97.1898,-76.5933,13.3414,18.6353
-97.1892,-76.5927,13.3414,18.7219
-97.1885,-76.592,13.3414,18.8085
-97.1878,-76.5913,13.3414,18.8951
-97.1872,-76.5907,13.3414,18.9817
-97.1865,-76.59,13.3414,19.0683
-97.1858,-76.5893,13.3414,19.1549
-97.1852,-76.5887,13.3414,19.2415
-97.1845,-76.588,13.3414,19.3281
-97.1838,-76.5873,13.3414,19.4147
-97.1832,-76.5867,13.3414,19.5013
-97.1825,-76.586,13.3414,19.5879
-97.182,-76.5855,13.3414,19.6565
-97.182,-76.5855,13.3414,19.6565
-97.182,-76.5855,13.3414,19.6565
-97.182,-76.5855,13.3414,19.6565
-97.182,-76.5855,13.3414,19.6565
-97.182,-76.5855,13.3414,19.6565
-97.182,-76.5855,13.3414,19.6565
-97.182,-76.5855,13.3414,19.6565
-97.182,-76.5855,13.3414,19.6565
-97.182,-76.5855,13.3414,19.6565
-97.182,-76.5855,13.3414,19.6565
-97.182,-76.5855,13.3414,19.6565
-97.182,-76.5855,13.3414,19.6565
-97.182,-76.5855,13.3414,19.6565
-97.182,-76.5855,13.3414,19.6565
-97.182,-76.5855,13.3414,19.6565
-97.182,-76.5855,13.3414,19.6565
-97.182,-76.5855,13.3414,19.6565
-97.182,-76.5855,13.3414,19.6565
-97.182,-76.5855,13.3414,19.6565
-97.182,-76.5855,13.3414,19.6565
-97.182,-76.5855,13.3414,19.6565
-97.182,-76.5855,13.3414,19.6565
-97.182,-76.5855,13.3414,19.6565
-97.182,-76.5855,13.3414,19.6565
-97.182,-76.5855,13.3414,19.6565
-97.182,-76.5855,13.3414,19.6565
-97.182,-76.5855,13.3414,19.6565
-97.182,-76.5855,13.3414,19.6565
-97.182,-76.5855,13.3414,19.6565
-97.182,-76.5855,13.3414,19.6565
-97.182,-76.5855,13.3414,19.6565
-97.182,-76.5855,13.3414,19.6565
-97.182,-76.5855,13.3414,19.6565
-97.182,-76.5855,13.3414,19.6565
-97.182,-76.5855,13.3414,19.6565
-97.182,-76.5855,13.3414,19.6565
-97.182,-76.5855,13.3414,19.6565
-97.182,-76.5855,13.3414,19.6565
-97.182,-76.5855,13.3414,19.6565
-97.182,-76.5855,13.3414,19.6565
-97.182,-76.5855,13.3414,19.6565
-97.182,-76.5855,13.3414,19.6565
-97.182,-76.5855,13.3414,19.6565
-97.182,-76.7018,13.4603,19.5402
-97.182,-77.1051,13.8723,19.1369
-97.182,-77.5083,14.2844,18.7337
-97.182,-77.9116,14.6964,18.3304
-97.182,-78.3149,15.1085,17.9272
-97.182,-78.7181,15.5206,17.5239
-97.182,-79.1214,15.9326,17.1207
-97.182,-79.5247,16.3447,16.7174
-97.182,-79.9279,16.7567,16.3141
-97.182,-80.3312,17.1688,15.9109
-97.182,-80.7344,17.5809,15.5076
-97.182,-81.1377,17.9929,15.1044
-97.182,-81.541,18.405,14.7011
-97.182,-81.9442,18.817,14.2979
-97.182,-82.3475,19.2291,13.8946
-97.182,-82.4892,19.3739,13.7529
-97.182,-82.4892,19.3739,13.7529
-97.182,-82.4892,19.3739,13.7529
-97.182,-82.4892,19.3739,13.7529
-97.182,-82.4892,19.3739,13.7529
-97.182,-82.4892,19.3739,13.7529
-97.182,-82.4892,19.3739,13.7529
-97.182,-82.4892,19.3739,13.7529
-97.182,-82.4892,19.3739,13.7529
-97.182,-82.4892,19.3739,13.7529
-97.182,-82.4892,19.3739,13.7529
-97.182,-82.4892,19.3739,13.7529
-97.182,-82.4892,19.3739,13.7529
-97.182,-82.4892,19.3739,13.7529
-97.1811,-82.4892,19.3748,13.7529
-97.083,-82.4892,19.4729,13.7529
-96.9849,-82.4892,19.571,13.7529
-96.8867,-82.4892,19.6692,13.7529
-96.7886,-82.4892,19.7673,13.7529
-96.6905,-82.4892,19.8654,13.7529
-96.5924,-82.4892,19.9635,13.7529
-96.4942,-82.4892,20.0617,13.7529
-96.3961,-82.4892,20.1598,13.7529
-96.298,-82.4892,20.2579,13.7529
-96.1998,-82.4892,20.3561,13.7529
-96.1017,-82.4892,20.4542,13.7529
-96.0036,-82.4892,20.5523,13.7529
-95.9055,-82.4892,20.6504,13.7529
-95.8073,-82.4892,20.7486,13.7529
-95.7454,-82.4892,20.8105,13.7529
-95.7454,-82.4892,20.8105,13.7529
-95.7454,-82.4892,20.8105,13.7529
-95.7454,-82.4892,20.8105,13.7529
-95.7454,-82.4892,20.8105,13.7529
-95.7454,-82.4892,20.8105,13.7529
-95.7454,-82.4892,20.8105,13.7529
-95.7454,-82.4892,20.8105,13.7529
-95.7454,-82.4892,20.8105,13.7529
-95.7454,-82.4892,20.8105,13.7529
-95.7454,-82.4892,20.8105,13.7529
-95.7454,-82.4892,20.8105,13.7529
-95.7454,-82.4892,20.8105,13.7529
-95.7454,-82.4892,20.8105,13.7529
-95.7454,-82.4892,20.8105,13.7529
-95.7454,-82.4892,20.8105,13.7529
-95.7454,-82.4892,20.8105,13.7529
-95.7454,-82.4892,20.8105,13.7529
-95.7454,-82.4892,20.8105,13.7529
-95.7454,-82.4892,20.8105,13.7529
-95.7454,-82.4892,20.8105,13.7529
-95.7454,-82.4892,20.8105,13.7529
-95.7454,-82.4892,20.8105,13.7529
-95.7454,-82.4892,20.8105,13.7529
-95.7454,-82.4892,20.8105,13.7529
-95.7454,-82.4892,20.8105,13.7529
-95.7454,-82.4892,20.8105,13.7529
-95.7454,-82.4892,20.8105,13.7529
-95.7454,-82.4892,20.8105,13.7529
-95.7454,-82.4892,20.8105,13.7529
-95.7454,-82.4892,20.8105,13.7529
-95.7454,-82.4892,20.8105,13.7529
-95.7454,-82.4892,20.8105,13.7529
-95.7454,-82.4892,20.8105,13.7529
-95.7454,-82.4892,20.8105,13.7529
-95.7454,-82.4892,20.8105,13.7529
-95.7454,-82.4892,20.8105,13.7529
-95.7454,-82.4892,20.8105,13.7529
-95.7454,-82.4892,20.8105,13.7529
-95.7454,-82.4892,20.8105,13.7529
-95.7454,-82.4892,20.8105,13.7529
-95.7454,-82.4892,20.8105,13.7529
-95.7454,-82.4892,20.8105,13.7529
-95.7454,-82.4892,20.8105,13.7529
-95.7452,-82.489,20.8105,13.7529
-95.7446,-82.4884,20.8105,13.7529
-95.7441,-82.4879,20.8105,13.7529
-95.7436,-82.4874,20.8105,13.7529
-95.7431,-82.4868,20.8105,13.7529
-95.7425,-82.4863,20.8105,13.7529
-95.742,-82.4858,20.8105,13.7529
-95.7415,-82.4852,20.8105,13.7529
-95.741,-82.4847,20.8105,13.7529
-95.7404,-82.4842,20.8105,13.7529
-95.7399,-82.4836,20.8105,13.7529
-95.7394,-82.4831,20.8105,13.7529
-95.7389,-82.4826,20.8105,13.7529
-95.7383,-82.482,20.8105,13.7529
-95.7378,-82.4815,20.8105,13.7529
-95.7377,-82.4814,20.8105,13.7529
-95.7377,-82.4814,20.8105,13.7529
-95.7377,-82.4814,20.8105,13.7529
-95.7377,-82.4814,20.8105,13.7529
-95.7377,-82.4814,20.8105,13.7529
-95.7377,-82.4814,20.8105,13.7529
-95.7377,-82.4814,20.8105,13.7529
-95.7377,-82.4814,20.8105,13.7529
-95.7377,-82.4814,20.8105,13.7529
-95.7377,-82.4814,20.8105,13.7529
-95.7377,-82.4814,20.8105,13.7529
-95.7377,-82.4814,20.8105,13.7529
-95.7377,-82.4814,20.8105,13.7529
-95.7377,-82.4814,20.8105,13.7529
-95.7377,-82.4814,20.8105,13.7529
-95.7377,-82.4814,20.8105,13.7529
-95.7377,-82.4814,20.8105,13.7529
-95.7377,-82.4814,20.8105,13.7529
-95.7377,-82.4814,20.8105,13.7529
-95.7377,-82.4814,20.8105,13.7529
-95.7377,-82.4814,20.8105,13.7529
-95.7377,-82.4814,20.8105,13.7529
-95.7377,-82.4814,20.8105,13.7529
-95.7377,-82.4814,20.8105,13.7529
-95.7377,-82.4814,20.8105,13.7529
-95.7377,-82.4814,20.8105,13.7529
-95.7377,-82.4814,20.8105,13.7529
-95.7377,-82.4814,20.8105,13.7529
-95.7377,-82.4814,20.8105,13.7529
-95.7377,-82.4814,20.8105,13.7529
-95.7377,-82.4814,20.8105,13.7529
-95.7377,-82.4814,20.8105,13.7529
-95.7377,-82.4814,20.8105,13.7529
-95.7377,-82.4814,20.8105,13.7529
-95.7377,-82.4814,20.8105,13.7529
-95.7377,-82.4814,20.8105,13.7529
-95.7377,-82.4814,20.8105,13.7529
-95.7377,-82.4814,20.8105,13.7529
-95.7377,-82.4814,20.8105,13.7529
-95.7377,-82.4814,20.8105,13.7529
-95.7377,-82.4814,20.8105,13.7529
-95.7377,-82.4814,20.8105,13.7529
-95.7377,-82.4814,20.8105,13.7529
-95.7377,-82.4814,20.8105,13.7529
-95.7377,-82.7057,21.0879,13.5286
-95.7377,-82.9577,21.3995,13.2766
-95.7377,-83.2097,21.7111,13.0246
-95.7377,-83.4617,22.0227,12.7726
-95.7377,-83.7136,22.3343,12.5207
-95.7377,-83.9656,22.6459,12.2687
-95.7377,-84.2176,22.9575,12.0167
-95.7377,-84.4696,23.2692,11.7647
-95.7377,-84.7216,23.5808,11.5127
-95.7377,-84.9736,23.8924,11.2607
-95.7377,-85.2256,24.204,11.0087
-95.7377,-85.4775,24.5156,10.7568
-95.7377,-85.7295,24.8272,10.5048
-95.7377,-85.9815,25.1388,10.2528
-95.7377,-86.1704,25.3724,10.0639
-95.7377,-86.1704,25.3724,10.0639
-95.7377,-86.1704,25.3724,10.0639
-95.7377,-86.1704,25.3724,10.0639
-95.7377,-86.1704,25.3724,10.0639
-95.7377,-86.1704,25.3724,10.0639
-95.7377,-86.1704,25.3724,10.0639
-95.7377,-86.1704,25.3724,10.0639
-95.7377,-86.1704,25.3724,10.0639
-95.7377,-86.1704,25.3724,10.0639
-95.7377,-86.1704,25.3724,10.0639
-95.7377,-86.1704,25.3724,10.0639
-95.7377,-86.1704,25.3724,10.0639
-95.7377,-86.1704,25.3724,10.0639
-95.7377,-86.1704,25.3724,10.0639
-95.7243,-86.1704,25.3858,10.2106
-95.7023,-86.1704,25.4078,10.4508
-95.6804,-86.1704,25.4297,10.6911
-95.6584,-86.1704,25.4517,10.9313
-95.6365,-86.1704,25.4736,11.1715
-95.6145,-86.1704,25.4956,11.4118
-95.5926,-86.1704,25.5175,11.652
-95.5706,-86.1704,25.5395,11.8923
-95.5487,-86.1704,25.5614,12.1325
-95.5267,-86.1704,25.5834,12.3728
-95.5048,-86.1704,25.6053,12.613
-95.4828,-86.1704,25.6273,12.8532
-95.4609,-86.1704,25.6492,13.0935
-95.4389,-86.1704,25.6712,13.3337
-95.4169,-86.1704,25.6932,13.574
-95.4163,-86.1704,25.6938,13.581
-95.4163,-86.1704,25.6938,13.581
-95.4163,-86.1704,25.6938,13.581
-95.4163,-86.1704,25.6938,13.581
-95.4163,-86.1704,25.6938,13.581
-95.4163,-86.1704,25.6938,13.581
-95.4163,-86.1704,25.6938,13.581
-95.4163,-86.1704,25.6938,13.581
-95.4163,-86.1704,25.6938,13.581
-95.4163,-86.1704,25.6938,13.581
-95.4163,-86.1704,25.6938,13.581
-95.4163,-86.1704,25.6938,13.581
-95.4163,-86.1704,25.6938,13.581
-95.4163,-86.1704,25.6938,13.581
-95.407,-86.1763,25.7031,13.5751
-95.3788,-86.1942,25.7313,13.5572
-95.3507,-86.2121,25.7594,13.5393
-95.3225,-86.2299,25.7876,13.5215
-95.2943,-86.2478,25.8158,13.5036
-95.2662,-86.2657,25.8439,13.4857
-95.238,-86.2836,25.8721,13.4678
-95.2098,-86.3014,25.9003,13.45
-95.1817,-86.3193,25.9284,13.4321
-95.1535,-86.3372,25.9566,13.4142
-95.1254,-86.3551,25.9847,13.3963
-95.0972,-86.3729,26.0129,13.3785
-95.069,-86.3908,26.0411,13.3606
-95.0409,-86.4087,26.0692,13.3427
-95.0127,-86.4266,26.0974,13.3248
-95.004,-86.4321,26.1061,13.3193
-95.004,-86.4321,26.1061,13.3193
-95.004,-86.4321,26.1061,13.3193
-95.004,-86.4321,26.1061,13.3193
-95.004,-86.4321,26.1061,13.3193
-95.004,-86.4321,26.1061,13.3193
-95.004,-86.4321,26.1061,13.3193
-95.004,-86.4321,26.1061,13.3193
-95.004,-86.4321,26.1061,13.3193
-95.004,-86.4321,26.1061,13.3193
-95.004,-86.4321,26.1061,13.3193
-95.004,-86.4321,26.1061,13.3193
-95.004,-86.4321,26.1061,13.3193
-95.004,-86.4321,26.1061,13.3193
-95.004,-86.4321,26.1061,13.3193
-95.004,-86.4321,26.1061,13.3193
-95.004,-86.4321,26.1061,13.3193
-95.004,-86.4321,26.1061,13.3193
-95.004,-86.4321,26.1061,13.3193
-95.004,-86.4321,26.1061,13.3193
-95.004,-86.4321,26.1061,13.3193
-95.004,-86.4321,26.1061,13.3193
-95.004,-86.4321,26.1061,13.3193
-95.004,-86.4321,26.1061,13.3193
-95.004,-86.4321,26.1061,13.3193
-95.004,-86.4321,26.1061,13.3193
-95.004,-86.4321,26.1061,13.3193
-95.004,-86.4321,26.1061,13.3193
-95.004,-86.4321,26.1061,13.3193
-95.004,-86.4321,26.1061,13.3193
-95.004,-86.4321,26.1061,13.3193
-95.004,-86.4321,26.1061,13.3193
-95.004,-86.4321,26.1061,13.3193
-95.004,-86.4321,26.1061,13.3193
-95.004,-86.4321,26.1061,13.3193
-95.004,-86.4321,26.1061,13.3193
-95.004,-86.4321,26.1061,13.3193
-95.004,-86.4321,26.1061,13.3193
-95.004,-86.4321,26.1061,13.3193
-95.004,-86.4321,26.1061,13.3193
-95.004,-86.4321,26.1061,13.3193
-95.004,-86.4321,26.1061,13.3193
-95.004,-86.4321,26.1061,13.3193
-95.004,-86.4321,26.1061,13.3193
-94.9735,-86.4321,26.1366,13.3572
-94.934,-86.4321,26.1761,13.4064
-94.8944,-86.4321,26.2157,13.4556
-94.8549,-86.4321,26.2552,13.5047
-94.8154,-86.4321,26.2947,13.5539
-94.7759,-86.4321,26.3342,13.603
-94.7363,-86.4321,26.3738,13.6522
-94.6968,-86.4321,26.4133,13.7014
-94.6573,-86.4321,26.4528,13.7505
-94.6177,-86.4321,26.4924,13.7997
-94.5782,-86.4321,26.5319,13.8488
-94.5387,-86.4321,26.5714,13.898
-94.4991,-86.4321,26.611,13.9472
-94.4596,-86.4321,26.6505,13.9963
-94.4253,-86.4321,26.6848,14.039
-94.4253,-86.4321,26.6848,14.039
-94.4253,-86.4321,26.6848,14.039
-94.4253,-86.4321,26.6848,14.039
-94.4253,-86.4321,26.6848,14.039
-94.4253,-86.4321,26.6848,14.039
-94.4253,-86.4321,26.6848,14.039
-94.4253,-86.4321,26.6848,14.039
-94.4253,-86.4321,26.6848,14.039
-94.4253,-86.4321,26.6848,14.039
-94.4253,-86.4321,26.6848,14.039
-94.4253,-86.4321,26.6848,14.039
-94.4253,-86.4321,26.6848,14.039
-94.4253,-86.4321,26.6848,14.039
-94.4253,-86.4321,26.6848,14.039
-94.4255,-86.4323,26.6848,14.039
-94.4259,-86.4327,26.6848,14.039
-94.4262,-86.433,26.6848,14.039
-94.4266,-86.4334,26.6848,14.039
