-90.4898,-90.9519,24.0057,20.3471
-90.4898,-91.1181,22.4916,20.1809
-90.4898,-91.1181,22.4916,20.1809
-88.9242,-91.1181,20.7604,20.23
-88.9242,-91.1181,20.7604,20.23
-88.9305,-91.2173,20.7604,20.137
-88.9305,-91.2173,20.7604,20.137
-88.9305,-91.2173,20.7604,20.137
-88.9305,-91.2173,20.7604,20.137
-88.1851,-91.2057,21.4943,20.137
-88.1851,-91.2057,21.4943,20.137
-88.1851,-91.2103,21.4943,20.1325
-88.1851,-91.2103,21.4943,20.1325
-87.5048,-91.2083,22.1725,20.1325
-87.5048,-91.2083,22.1725,20.1325
-87.4998,-91.2281,22.1725,20.1077
-87.4998,-91.2281,22.1725,20.1077
-87.4989,-91.2911,18.3672,20.0438
-87.4989,-91.2911,18.3672,20.0438
-87.5058,-91.298,18.3672,20.23
-87.5058,-91.298,18.3672,20.23
-87.5051,-91.353,18.3672,20.1742
-87.5051,-91.353,18.3672,20.1742
-84.1701,-91.9592,12.8659,21.2233
-84.1701,-91.9592,12.8659,21.2233
-84.1726,-91.9617,12.8659,21.2233
-84.1726,-91.9617,12.8659,21.2233
-84.1726,-92.2449,12.8659,20.94
-84.1726,-92.2449,12.8659,20.94
-84.1677,-92.2401,2.90904,21.4006
-84.1677,-92.2401,2.90904,21.4006
-84.1677,-92.5248,2.90904,21.218
-84.1677,-92.5248,2.90904,21.218
-83.0239,-92.5173,4.04537,21.218
-83.0239,-92.5173,4.04537,21.218
-83.024,-92.8059,1.57704,20.9295
-83.024,-92.8059,1.57704,20.9295
-82.09,-92.8059,2.51104,20.964
-82.09,-92.8059,2.51104,20.964
-82.084,-92.7999,2.51104,20.964
-82.084,-92.7999,2.51104,20.964
-82.084,-92.7999,0.0434208,20.964
-82.084,-92.7999,0.0434208,20.964
-81.9345,-92.798,0.190937,20.964
-81.9345,-92.798,0.190937,20.964
-81.9341,-92.7976,0.190937,20.964
-81.9341,-92.7976,0.190937,20.964
-81.9805,-92.7976,0.144517,20.964
-81.9805,-92.7976,0.144517,20.964
-81.9827,-92.7997,0.144517,20.964
-81.9827,-92.7997,0.144517,20.964
-81.9827,-92.7997,0.144517,20.964
-81.9827,-92.7997,0.144517,20.964
-81.9827,-92.7997,0.144517,20.964
-81.9827,-92.7997,0.144517,20.964
-81.9827,-92.7845,-9.24481,20.9792
-81.9827,-92.7845,-9.24481,20.9792
-79.0931,-92.8267,-8.43747,22.0661
-79.0931,-92.8267,-8.43747,22.0661
-79.0863,-92.8198,-8.43747,22.0661
-79.0863,-92.8198,-8.43747,22.0661
-79.0863,-92.8343,-10.3782,22.0516
-79.0863,-92.8343,-10.3782,22.0516
-77.885,-92.8343,-9.17695,22.2906
-77.885,-92.8343,-9.17695,22.2906
-77.8796,-92.8541,-9.17695,22.2654
-77.8796,-92.8541,-9.17695,22.2654
-77.8796,-92.8541,-9.17695,22.5526
-77.8796,-92.8541,-9.17695,22.5526
-77.8771,-92.8516,-9.17695,22.5526
-77.8771,-92.8516,-9.17695,22.5526
-77.886,-93.0667,-12.0433,22.3465
-77.886,-93.0667,-12.0433,22.3465
-77.886,-93.0667,-12.0433,22.9466
-77.886,-93.0667,-12.0433,22.9466
-77.8905,-93.205,-12.0433,22.8127
-77.8905,-93.205,-12.0433,22.8127
-77.8905,-93.281,-15.4511,23.0036
-77.8905,-93.281,-15.4511,23.0036
-75.1827,-93.2866,-12.7378,23.0036
-75.1827,-93.2866,-12.7378,23.0036
-75.1787,-93.3227,-12.7378,22.9634
-75.1787,-93.3227,-12.7378,22.9634
-74.7605,-93.3227,-13.3501,23.2088
-74.7605,-93.3227,-13.3501,23.2088
-74.755,-93.3173,-13.3501,23.2088
-74.755,-93.3173,-13.3501,23.2088
-74.755,-93.3173,-13.3501,23.2088
-74.755,-93.3173,-13.3501,23.2088
-74.7556,-93.4129,-13.3501,23.3334
-74.7556,-93.4129,-13.3501,23.3334
-74.2467,-93.4129,-12.8412,23.8447
-74.2467,-93.4129,-12.8412,23.8447
-74.2351,-93.5503,-12.8412,23.6957
-74.2351,-93.5503,-12.8412,23.6957
-74.2351,-93.5503,-16.2251,23.9282
-74.2351,-93.5503,-16.2251,23.9282
-74.2313,-93.5465,-16.2251,23.9282
-74.2313,-93.5465,-16.2251,23.9282
-74.2299,-93.5934,-16.7531,23.88
-74.2299,-93.5934,-16.7531,23.88
-73.2755,-93.5934,-15.7986,24.5304
-73.2755,-93.5934,-15.7986,24.5304
-72.6076,-93.7264,-15.1294,24.3988
-72.6076,-93.7264,-15.1294,24.3988
-72.6076,-93.7264,-15.4846,24.3988
-72.6076,-93.7264,-15.4846,24.3988
-72.3641,-93.728,-15.2394,24.3988
-72.3641,-93.728,-15.2394,24.3988
-72.3641,-93.728,-15.2394,24.3988
-72.3641,-93.728,-15.2394,24.3988
-72.2004,-93.728,-15.0757,24.3988
-72.2004,-93.728,-15.0757,24.3988
-72.2023,-94.0839,-15.0757,24.0448
-72.2023,-94.0839,-15.0757,24.0448
-72.1997,-94.0813,-15.0757,24.0448
-72.1997,-94.0813,-15.0757,24.0448
-72.1997,-94.2589,-15.184,23.8671
-72.1997,-94.2589,-15.184,23.8671
-72.1997,-94.2589,-14.8507,25.3475
-72.1997,-94.2589,-14.8507,25.3475
-72.1997,-94.2589,-14.8507,25.3475
-72.1997,-94.2589,-14.8507,25.3475
-72.1997,-94.7091,-14.8507,24.8973
-72.1997,-94.7091,-14.8507,24.8973
-72.1997,-94.7091,-14.8507,24.8973
-72.1997,-94.7091,-14.8507,24.8973
-72.1997,-94.7091,-14.5735,24.8973
-72.1997,-94.7091,-14.5735,24.8973
-72.1997,-94.7091,-14.2657,25.4589
-72.1997,-94.7091,-14.2657,25.4589
-72.6358,-94.7179,-14.693,25.4589
-72.6358,-94.7179,-14.693,25.4589
-72.6358,-94.9868,-14.693,25.1899
-72.6358,-94.9868,-14.693,25.1899
-72.8753,-94.9868,-14.9325,25.1899
-72.8753,-94.9868,-14.9325,25.1899
-72.8806,-95.7255,-14.9325,24.4566
-72.8806,-95.7255,-14.9325,24.4566
-72.8806,-95.7255,-14.9325,24.9531
-72.8806,-95.7255,-14.9325,24.9531
-72.8822,-95.7272,-14.9325,24.9531
-72.8822,-95.7272,-14.9325,24.9531
-72.8822,-96.3897,-14.1901,24.2906
-72.8822,-96.3897,-14.1901,24.2906
-73.4062,-96.3897,-14.7141,24.7218
-73.4062,-96.3897,-14.7141,24.7218
-73.4062,-96.6777,-14.4869,24.4339
-73.4062,-96.6777,-14.4869,24.4339
-73.4062,-96.6777,-14.4869,24.6325
-73.4062,-96.6777,-14.4869,24.6325
-73.3952,-96.6789,-14.4746,24.6325
-73.3952,-96.6789,-14.4746,24.6325
-73.3952,-96.9467,-14.2758,24.5363
-73.3952,-96.9467,-14.2758,24.5363
-73.5691,-96.9467,-14.4497,24.5363
-73.5691,-96.9467,-14.4497,24.5363
-73.5842,-96.9618,-14.4497,24.5363
-73.5842,-96.9618,-14.4497,24.5363
-73.5842,-97.5504,-14.4497,23.9477
-73.5842,-97.5504,-14.4497,23.9477
-73.7447,-97.5504,-14.6102,23.9477
-73.7447,-97.5504,-14.6102,23.9477
-73.7447,-97.7786,-14.6102,23.7195
-73.7447,-97.7786,-14.6102,23.7195
-73.7447,-97.7786,-14.6102,23.7195
-73.7447,-97.7786,-14.6102,23.7195
-73.7447,-97.7786,-14.6102,23.7195
-73.7447,-97.7786,-14.6102,23.7195
-73.7438,-98.026,-14.4272,23.4711
-73.7438,-98.026,-14.4272,23.4711
-73.8355,-98.026,-13.0984,24.0665
-73.8355,-98.026,-13.0984,24.0665
-73.8387,-98.3564,-13.0984,23.7393
-73.8387,-98.3564,-13.0984,23.7393
-73.8387,-98.7529,-12.358,23.9527
-73.8387,-98.7529,-12.358,23.9527
-74.7057,-98.7522,-13.2257,23.9527
-74.7057,-98.7522,-13.2257,23.9527
-74.7045,-98.751,-12.3923,23.9527
-74.7045,-98.751,-12.3923,23.9527
-75.2341,-98.751,-12.9218,23.9527
-75.2341,-98.751,-12.9218,23.9527
-75.2341,-98.751,-12.9218,23.9527
-75.2341,-98.751,-12.9218,23.9527
-75.2341,-99.6025,-12.9218,23.5826
-75.2341,-99.6025,-12.9218,23.5826
-75.2341,-99.6025,-12.9218,23.5826
-75.2341,-99.6025,-12.9218,23.5826
-75.2341,-99.9593,-12.9218,23.2257
-75.2341,-99.9593,-12.9218,23.2257
-75.2341,-99.9593,-9.41238,23.7514
-75.2341,-99.9593,-9.41238,23.7514
-75.2341,-100.537,-9.41238,23.1737
-75.2341,-100.537,-9.41238,23.1737
-75.23,-100.533,-8.59127,23.4034
-75.23,-100.533,-8.59127,23.4034
-77.6105,-100.533,-10.9721,23.4034
-77.6105,-100.533,-10.9721,23.4034
-77.612,-100.788,-10.1534,23.1496
-77.612,-100.788,-10.1534,23.1496
-78.2416,-100.788,-10.783,23.3629
-78.2416,-100.788,-10.783,23.3629
-78.2416,-100.788,-10.783,23.3629
-78.2416,-100.788,-10.783,23.3629
-78.2416,-100.788,-10.783,23.3629
-78.2416,-100.788,-10.783,23.3629
-78.2473,-100.794,-10.783,23.3629
-78.2473,-100.794,-10.783,23.3629
-78.2495,-101.091,-10.783,23.0679
-78.2495,-101.091,-10.783,23.0679
-78.9055,-101.091,-11.439,23.6577
-78.9055,-101.091,-11.439,23.6577
-78.9034,-101.372,-11.439,23.3749
-78.9034,-101.372,-11.439,23.3749
-78.9034,-101.763,-8.38707,23.6514
-78.9034,-101.763,-8.38707,23.6514
-78.9046,-101.765,-8.38707,23.6514
-78.9046,-101.765,-8.38707,23.6514
-78.9068,-101.862,-7.69446,23.5562
-78.9068,-101.862,-7.69446,23.5562
-80.1769,-101.862,-8.96457,23.822
-80.1769,-101.862,-8.96457,23.822
-81.1869,-101.814,-9.97067,23.8738
-81.1869,-101.814,-9.97067,23.8738
-81.7506,-101.812,-9.83284,24.1756
-81.7506,-101.812,-9.83284,24.1756
-81.7467,-101.809,-9.83284,24.1756
-81.7467,-101.809,-9.83284,24.1756
-81.7467,-101.809,-9.83284,24.1756
-81.7467,-101.809,-9.83284,24.1756
-81.7467,-101.809,-9.83284,24.1756
-81.7467,-101.809,-9.83284,24.1756
-82.2794,-101.599,-8.71424,24.389
-82.2794,-101.599,-8.71424,24.389
-82.2783,-101.598,-8.71424,24.389
-82.2783,-101.598,-8.71424,24.389
-82.2783,-101.307,-7.05811,24.6804
-82.2783,-101.307,-7.05811,24.6804
-83.5512,-101.309,-8.32886,26.4319
-83.5512,-101.309,-8.32886,26.4319
-83.5512,-101.309,-8.32886,26.4319
-83.5512,-101.309,-8.32886,26.4319
-83.5497,-100.526,-7.0019,28.9163
-83.5497,-100.526,-7.0019,28.9163
-85.9068,-100.526,-9.35901,28.9163
-85.9068,-100.526,-9.35901,28.9163
-86.5347,-99.7841,-8.99483,31.4123
-86.5347,-99.7841,-8.99483,31.4123
-86.5347,-99.7841,-8.99483,31.4123
-86.5347,-99.7841,-8.99483,31.4123
-86.5362,-98.7516,-8.99483,34.0948
-86.5362,-98.7516,-8.99483,34.0948
-86.5362,-98.7516,-8.22874,34.9327
-86.5362,-98.7516,-8.22874,34.9327
-86.5412,-98.1975,-8.22874,35.4918
-86.5412,-98.1975,-8.22874,35.4918
-89.8783,-96.2254,-10.7851,38.3753
-89.8783,-96.2254,-10.7851,38.3753
-89.8783,-94.5485,-10.7851,40.0521
-89.8783,-94.5485,-10.7851,40.0521
-89.8783,-94.5485,-9.09695,40.0521
-89.8783,-94.5485,-9.09695,40.0521
-89.8783,-94.5485,-9.09695,45.9021
-89.8783,-94.5485,-9.09695,45.9021
-90.3612,-94.0482,-9.57948,46.4028
-90.3612,-94.0482,-9.57948,46.4028
-90.9094,-94.0482,-9.67438,47.4872
-90.9094,-94.0482,-9.67438,47.4872
-90.9091,-94.048,-9.67438,47.4872
-90.9091,-94.048,-9.67438,47.4872
-90.9091,-94.048,-9.67438,47.4872
-90.9091,-94.048,-9.67438,47.4872
-91.5154,-94.048,-10.2807,47.4872
-91.5154,-94.048,-10.2807,47.4872
-91.514,-92.8669,-10.2807,48.6668
-91.514,-92.8669,-10.2807,48.6668
-91.514,-92.8669,-10.2807,50.6529
-91.514,-92.8669,-10.2807,50.6529
-91.515,-92.2001,-10.2807,51.3207
-91.515,-92.2001,-10.2807,51.3207
-91.515,-92.2001,-8.80179,53.3751
-91.515,-92.2001,-8.80179,53.3751
-91.5142,-92.1993,-8.80179,53.3751
-91.5142,-92.1993,-8.80179,53.3751
-91.5142,-90.949,-8.73912,54.6254
-91.5142,-90.949,-8.73912,54.6254
-92.63,-90.949,-9.85488,56.2002
-92.63,-90.949,-9.85488,56.2002
-93.104,-90.949,-10.3289,56.2002
-93.104,-90.949,-10.3289,56.2002
-93.1004,-90.1715,-10.3678,56.9741
-93.1004,-90.1715,-10.3678,56.9741
-93.2238,-90.1715,-10.4911,56.9741
-93.2238,-90.1715,-10.4911,56.9741
-93.2238,-90.1715,-10.4911,56.9741
-93.2238,-90.1715,-10.4911,56.9741
-93.2238,-90.1715,-10.4911,56.9741
-93.2238,-90.1715,-10.4911,56.9741
-93.3507,-90.1715,-10.6181,56.9741
-93.3507,-90.1715,-10.6181,56.9741
-93.3507,-87.4985,-10.4659,60.0829
-93.3507,-87.4985,-10.4659,60.0829
-93.3507,-87.4985,-10.4659,59.8497
-93.3507,-87.4985,-10.4659,59.8497
-93.3639,-86.2878,-10.1481,61.0736
-93.3639,-86.2878,-10.1481,61.0736
-93.3639,-86.2878,-10.1481,60.6241
-93.3639,-86.2878,-10.1481,60.6241
-93.8601,-86.2897,-10.6423,60.6241
-93.8601,-86.2897,-10.6423,60.6241
-93.8601,-84.8286,-10.5088,61.4665
-93.8601,-84.8286,-10.5088,61.4665
-94.1971,-84.8255,-10.8489,61.4665
-94.1971,-84.8255,-10.8489,61.4665
-94.1985,-83.3366,-10.6923,62.9569
-94.1985,-83.3366,-10.6923,62.9569
-94.4369,-83.3504,-10.9167,62.1366
-94.4369,-83.3504,-10.9167,62.1366
-94.4369,-83.3504,-10.9167,62.1366
-94.4369,-83.3504,-10.9167,62.1366
-94.4369,-83.3504,-10.9167,62.1366
-94.4369,-83.3504,-10.9167,62.1366
-94.6483,-83.3501,-11.1285,62.1366
-94.6483,-83.3501,-11.1285,62.1366
-94.6486,-80.4462,-11.1285,65.0408
-94.6486,-80.4462,-11.1285,65.0408
-94.6486,-80.4462,-10.6522,59.0777
-94.6486,-80.4462,-10.6522,59.0777
-94.6601,-78.9675,-10.6522,60.568
-94.6601,-78.9675,-10.6522,60.568
-94.6601,-77.4824,-10.1766,59.9907
-94.6601,-77.4824,-10.1766,59.9907
-94.659,-77.4813,-10.1766,59.9907
-94.659,-77.4813,-10.1766,59.9907
-94.659,-77.4813,-10.1766,59.9907
-94.659,-77.4813,-10.1766,59.9907
-94.659,-77.4813,-10.1766,59.9907
-94.659,-77.4813,-10.1766,59.9907
-94.659,-77.4813,-9.51988,57.7296
-94.659,-77.4813,-9.51988,57.7296
-95.6287,-77.4816,-10.4893,57.7296
-95.6287,-77.4816,-10.4893,57.7296
-95.6287,-74.5794,-10.4893,60.6318
-95.6287,-74.5794,-10.4893,60.6318
-95.9709,-74.5794,-10.8315,60.6318
-95.9709,-74.5794,-10.8315,60.6318
-95.9675,-71.6426,-10.8315,63.5652
-95.9675,-71.6426,-10.8315,63.5652
-95.9675,-71.6426,-10.215,55.9541
-95.9675,-71.6426,-10.215,55.9541
-95.9686,-71.6437,-10.215,55.9541
-95.9686,-71.6437,-10.215,55.9541
-95.9686,-68.8152,-9.72477,58.7826
-95.9686,-68.8152,-9.72477,58.7826
-95.9686,-68.8152,-9.72477,56.1087
-95.9686,-68.8152,-9.72477,56.1087
-95.9648,-67.6849,-9.55527,57.2352
-95.9648,-67.6849,-9.55527,57.2352
-95.9648,-67.6849,-9.55527,54.4123
-95.9648,-67.6849,-9.55527,54.4123
-97.1494,-67.6886,-10.7362,54.4123
-97.1494,-67.6886,-10.7362,54.4123
-97.1494,-66.6512,-10.5912,55.4496
-97.1494,-66.6512,-10.5912,55.4496
-97.415,-66.6512,-10.8569,52.3424
-97.415,-66.6512,-10.8569,52.3424
-97.416,-66.6522,-10.8569,52.3424
-97.416,-66.6522,-10.8569,52.3424
-97.416,-66.6522,-10.8569,52.3424
-97.416,-66.6522,-10.8569,52.3424
-97.6031,-66.6491,-11.0471,52.3424
-97.6031,-66.6491,-11.0471,52.3424
-97.5991,-66.6451,-11.0471,52.3424
-97.5991,-66.6451,-11.0471,52.3424
-97.5991,-66.6451,-11.0471,52.3424
-97.5991,-66.6451,-11.0471,52.3424
-97.5991,-65.7068,-11.0471,53.2806
-97.5991,-65.7068,-11.0471,53.2806
-97.5991,-63.8071,-10.4307,48.6086
-97.5991,-63.8071,-10.4307,48.6086
-97.8974,-62.6044,-10.5327,40.1081
-97.8974,-62.6044,-10.5327,40.1081
-98.2127,-62.6044,-10.848,36.9131
-98.2127,-62.6044,-10.848,36.9131
-98.2081,-62.5998,-10.848,36.9131
-98.2081,-62.5998,-10.848,36.9131
-98.2081,-62.4377,-10.848,37.0753
-98.2081,-62.4377,-10.848,37.0753
-98.2081,-62.4377,-10.6484,37.0753
-98.2081,-62.4377,-10.6484,37.0753
-98.3863,-62.4326,-10.8316,37.0753
-98.3863,-62.4326,-10.8316,37.0753
-98.3863,-62.4326,-10.2718,37.0753
-98.3863,-62.4326,-10.2718,37.0753
-98.5619,-62.4315,-10.4485,37.0753
-98.5619,-62.4315,-10.4485,37.0753
-98.5552,-63.4857,-10.4485,36.0144
-98.5552,-63.4857,-10.4485,36.0144
-98.5552,-63.4857,-10.0736,30.2457
-98.5552,-63.4857,-10.0736,30.2457
-99.0517,-63.4877,-10.5681,25.242
-99.0517,-63.4877,-10.5681,25.242
-99.0517,-63.7908,-10.1336,24.9389
-99.0517,-63.7908,-10.1336,24.9389
-99.349,-63.7908,-10.4309,22.7035
-99.349,-63.7908,-10.4309,22.7035
-99.3486,-63.8221,-10.4309,22.6719
-99.3486,-63.8221,-10.4309,22.6719
-99.3486,-63.8221,-9.97609,20.7197
-99.3486,-63.8221,-9.97609,20.7197
-100.084,-63.8181,-10.7159,20.7197
-100.084,-63.8181,-10.7159,20.7197
-100.084,-63.8607,-10.7159,20.6771
-100.084,-63.8607,-10.7159,20.6771
-100.084,-63.8607,-10.7159,20.6771
-100.084,-63.8607,-10.7159,20.6771
-100.084,-63.7919,-10.7159,20.7459
-100.084,-63.7919,-10.7159,20.7459
-100.084,-63.7919,-10.2837,19.0332
-100.084,-63.7919,-10.2837,19.0332
-100.381,-63.7982,-10.5746,19.0332
-100.381,-63.7982,-10.5746,19.0332
-100.381,-63.6561,-9.68417,19.1753
-100.381,-63.6561,-9.68417,19.1753
-100.381,-63.6561,-9.15561,18.4596
-100.381,-63.6561,-9.15561,18.4596
-100.387,-64.3154,-9.15561,17.8056
-100.387,-64.3154,-9.15561,17.8056
-100.387,-64.3154,-7.98538,17.7196
-100.387,-64.3154,-7.98538,17.7196
-100.995,-64.3154,-8.59338,17.7196
-100.995,-64.3154,-8.59338,17.7196
-100.995,-65.3046,-8.0391,16.7304
-100.995,-65.3046,-8.0391,16.7304
-102.253,-65.3046,-9.29708,16.701
-102.253,-65.3046,-9.29708,16.701
-102.257,-65.3084,-9.29708,16.701
-102.257,-65.3084,-9.29708,16.701
-102.257,-65.3084,-9.29708,16.701
-102.257,-65.3084,-9.29708,16.701
-102.265,-65.3164,-9.29708,16.701
-102.265,-65.3164,-9.29708,16.701
-102.584,-65.7559,-9.61612,16.2616
-102.584,-65.7559,-9.61612,16.2616
-102.583,-67.0217,-9.61612,14.9952
-102.583,-67.0217,-9.61612,14.9952
-102.586,-67.0243,-9.61612,14.9952
-102.586,-67.0243,-9.61612,14.9952
-102.586,-67.7743,-8.46646,14.2452
-102.586,-67.7743,-8.46646,14.2452
-102.582,-67.7702,-7.16373,14.9047
-102.582,-67.7702,-7.16373,14.9047
-102.584,-67.7725,-7.16373,14.9047
-102.584,-67.7725,-7.16373,14.9047
-102.584,-67.7725,-7.16373,14.9047
-102.584,-67.7725,-7.16373,14.9047
-102.584,-67.7725,-7.16373,14.8257
-102.584,-67.7725,-7.16373,14.8257
-102.584,-67.7725,-7.16373,14.8726
-102.584,-67.7725,-7.16373,14.8726
-103.28,-68.5606,-7.86308,14.0815
-103.28,-68.5606,-7.86308,14.0815
-103.28,-68.5606,-6.3817,14.0815
-103.28,-68.5606,-6.3817,14.0815
-104.754,-68.5594,-7.85688,14.0815
-104.754,-68.5594,-7.85688,14.0815
-104.754,-69.1463,-7.85688,13.4945
-104.754,-69.1463,-7.85688,13.4945
-104.754,-69.1463,-7.85688,13.9791
-104.754,-69.1463,-7.85688,13.9791
-104.754,-69.7225,-7.85688,13.403
-104.754,-69.7225,-7.85688,13.403
-104.754,-69.7225,-4.54123,14.4552
-104.754,-69.7225,-4.54123,14.4552
-104.753,-69.7217,-4.54123,14.4552
-104.753,-69.7217,-4.54123,14.4552
-104.753,-70.1793,-3.60375,13.9975
-104.753,-70.1793,-3.60375,13.9975
-105.585,-70.1793,-4.43519,14.7398
-105.585,-70.1793,-4.43519,14.7398
-105.585,-70.6907,-4.43519,14.2284
-105.585,-70.6907,-4.43519,14.2284
-105.766,-70.6907,-3.60424,15.1308
-105.766,-70.6907,-3.60424,15.1308
-105.766,-70.6907,-3.60424,15.1308
-105.766,-70.6907,-3.60424,15.1308
-105.766,-70.6907,-3.60424,15.1308
-105.766,-70.6907,-3.60424,15.1308
-105.824,-70.6888,-3.66461,15.1308
-105.824,-70.6888,-3.66461,15.1308
-105.819,-71.8923,-3.66461,13.9222
-105.819,-71.8923,-3.66461,13.9222
-105.819,-71.8923,-3.66461,13.9222
-105.819,-71.8923,-3.66461,13.9222
-105.819,-71.8923,-3.66461,13.9222
-105.819,-71.8923,-3.66461,13.9222
-105.819,-71.8923,-3.66461,13.9222
-105.819,-71.8923,-3.66461,13.9222
-105.828,-72.597,-3.66461,13.2263
-105.828,-72.597,-3.66461,13.2263
-105.828,-73.709,-1.63369,12.1143
-105.828,-73.709,-1.63369,12.1143
-105.828,-73.709,1.47418,12.1143
-105.828,-73.709,1.47418,12.1143
-106.469,-74.1911,0.828916,11.6277
-106.469,-74.1911,0.828916,11.6277
-106.761,-74.1911,1.56951,13.5061
-106.761,-74.1911,1.56951,13.5061
-106.765,-74.1949,1.56951,13.5061
-106.765,-74.1949,1.56951,13.5061
-106.765,-74.1949,1.56951,15.8743
-106.765,-74.1949,1.56951,15.8743
-106.937,-74.2015,1.40481,16.6522
-106.937,-74.2015,1.40481,16.6522
-106.933,-74.6749,1.40481,16.175
-106.933,-74.6749,1.40481,16.175
-106.933,-74.6749,1.40481,18.5928
-106.933,-74.6749,1.40481,18.5928
-106.942,-75.7634,1.40481,17.5136
-106.942,-75.7634,1.40481,17.5136
-106.942,-75.7634,4.68712,18.5249
-106.942,-75.7634,4.68712,18.5249
-106.942,-75.7636,4.68712,18.5249
-106.942,-75.7636,4.68712,18.5249
-106.942,-76.8074,5.49856,17.4806
-106.942,-76.8074,5.49856,17.4806
-107.09,-76.8074,5.34987,18.4159
-107.09,-76.8074,5.34987,18.4159
-106.903,-77.4903,5.54187,17.7376
-106.903,-77.4903,5.54187,17.7376
-106.903,-77.4903,6.25594,18.5854
-106.903,-77.4903,6.25594,18.5854
-106.617,-77.4903,6.54193,18.5854
-106.617,-77.4903,6.54193,18.5854
-106.617,-77.4903,6.54193,18.5854
-106.617,-77.4903,6.54193,18.5854
-106.617,-77.4903,6.54193,18.5854
-106.617,-77.4903,6.54193,18.5854
-106.195,-78.1688,6.96922,17.9124
-106.195,-78.1688,6.96922,17.9124
-106.195,-79.4185,8.5366,16.6627
-106.195,-79.4185,8.5366,16.6627
-106.201,-79.9078,8.5366,17.9531
-106.201,-79.9078,8.5366,17.9531
-106.201,-79.9078,10.4998,19.1697
-106.201,-79.9078,10.4998,19.1697
-105.139,-79.9078,11.562,19.1697
-105.139,-79.9078,11.562,19.1697
-105.125,-79.8932,11.562,19.1697
-105.125,-79.8932,11.562,19.1697
-105.125,-80.2357,12.4789,19.3261
-105.125,-80.2357,12.4789,19.3261
-103.784,-80.232,13.8157,19.3261
-103.784,-80.232,13.8157,19.3261
-103.803,-80.5068,14.7065,19.07
-103.803,-80.5068,14.7065,19.07
-103.803,-80.5068,14.7065,19.5302
-103.803,-80.5068,14.7065,19.5302
-103.279,-80.5068,15.2304,19.5302
-103.279,-80.5068,15.2304,19.5302
-103.279,-80.5068,15.2304,19.5302
-103.279,-80.5068,15.2304,19.5302
-103.272,-80.4999,15.2304,19.5302
-103.272,-80.4999,15.2304,19.5302
-103.274,-80.7755,15.2304,19.2569
-103.274,-80.7755,15.2304,19.2569
-102.735,-80.7755,17.328,19.2569
-102.735,-80.7755,17.328,19.2569
-102.741,-80.7816,17.328,19.2569
-102.741,-80.7816,17.328,19.2569
-102.741,-81.7653,18.5862,20.557
-102.741,-81.7653,18.5862,20.557
-102.741,-81.7653,18.5862,20.968
-102.741,-81.7653,18.5862,20.968
-102.741,-81.7653,18.5862,20.968
-102.741,-81.7653,18.5862,20.968
-101.644,-81.7653,19.6836,20.968
-101.644,-81.7653,19.6836,20.968
-100.76,-82.1676,20.5735,20.5723
-100.76,-82.1676,20.5735,20.5723
-100.76,-82.3909,21.7302,20.3489
-100.76,-82.3909,21.7302,20.3489
-100.271,-82.3853,22.2138,20.3489
-100.271,-82.3853,22.2138,20.3489
-100.276,-82.6696,22.2138,20.069
-100.276,-82.6696,22.2138,20.069
-99.5885,-82.6696,22.901,20.3128
-99.5885,-82.6696,22.901,20.3128
-99.5976,-83.4589,22.901,19.5327
-99.5976,-83.4589,22.901,19.5327
-99.5976,-83.4589,23.8223,20.9212
-99.5976,-83.4589,23.8223,20.9212
-99.5976,-83.4589,24.8282,20.9212
-99.5976,-83.4589,24.8282,20.9212
-99.5976,-83.82,24.8282,20.5601
-99.5976,-83.82,24.8282,20.5601
-99.5976,-83.82,24.8282,20.7407
-99.5976,-83.82,24.8282,20.7407
-99.5976,-84.0453,25.461,20.5154
-99.5976,-84.0453,25.461,20.5154
-96.6783,-84.0453,28.3803,20.5154
-96.6783,-84.0453,28.3803,20.5154
-96.6783,-84.2006,29.0665,20.534
-96.6783,-84.2006,29.0665,20.534
-95.9907,-84.2006,29.7541,20.534
-95.9907,-84.2006,29.7541,20.534
-95.995,-84.2049,29.7541,20.534
-95.995,-84.2049,29.7541,20.534
-95.995,-84.2049,29.7541,20.534
-95.995,-84.2049,29.7541,20.534
-95.2612,-84.2077,30.4907,20.534
-95.2612,-84.2077,30.4907,20.534
-95.2612,-84.2077,30.4907,21.0248
-95.2612,-84.2077,30.4907,21.0248
-95.2612,-84.2077,30.4907,21.0248
-95.2612,-84.2077,30.4907,21.0248
-95.2612,-84.2077,30.4907,21.0248
-95.2612,-84.2077,30.4907,21.0248
-95.2612,-84.2077,30.4907,21.5111
-95.2612,-84.2077,30.4907,21.5111
-95.2595,-84.8822,30.4907,20.8349
-95.2595,-84.8822,30.4907,20.8349
-95.2595,-85.1107,32.3701,20.6064
-95.2595,-85.1107,32.3701,20.6064
-92.2799,-85.1141,35.9993,20.9296
-92.2799,-85.1141,35.9993,20.9296
-92.2799,-85.3319,36.095,20.7119
-92.2799,-85.3319,36.095,20.7119
-91.3764,-85.3323,36.9989,20.7119
-91.3764,-85.3323,36.9989,20.7119
-91.3741,-85.5604,36.9989,20.4814
-91.3741,-85.5604,36.9989,20.4814
-90.3775,-85.5604,37.9955,20.4814
-90.3775,-85.5604,37.9955,20.4814
-90.3842,-85.8312,37.9955,20.2172
-90.3842,-85.8312,37.9955,20.2172
-90.3842,-86.1349,37.9955,19.9136
-90.3842,-86.1349,37.9955,19.9136
-90.3828,-86.1335,37.8344,19.9136
-90.3828,-86.1335,37.8344,19.9136
-90.3828,-86.1335,37.5051,20.7762
-90.3828,-86.1335,37.5051,20.7762
-90.3826,-86.3548,36.9073,20.5547
-90.3826,-86.3548,36.9073,20.5547
-90.3835,-86.3556,36.9073,20.9373
-90.3835,-86.3556,36.9073,20.9373
-90.3798,-86.6678,35.9977,20.6215
-90.3798,-86.6678,35.9977,20.6215
-85.7181,-86.6678,40.6594,21.1336
-85.7181,-86.6678,40.6594,21.1336
-85.7124,-87.0634,39.5157,20.7323
-85.7124,-87.0634,39.5157,20.7323
-85.7124,-87.0634,39.5157,20.7323
-85.7124,-87.0634,39.5157,20.7323
-85.7124,-87.0634,39.5157,20.7323
-85.7124,-87.0634,39.5157,20.7323
-85.7124,-87.0634,39.5157,20.7323
-85.7124,-87.0634,39.5157,20.7323
-82.9414,-87.0658,42.2892,20.7323
-82.9414,-87.0658,42.2892,20.7323
-82.9413,-87.8591,42.2892,19.939
-82.9413,-87.8591,42.2892,19.939
-82.9413,-87.8591,39.1474,20.3986
-82.9413,-87.8591,39.1474,20.3986
-82.9447,-87.8625,39.1474,20.3986
-82.9447,-87.8625,39.1474,20.3986
-82.9447,-87.8994,34.9725,20.8382
-82.9447,-87.8994,34.9725,20.8382
-79.9344,-87.9009,37.9843,20.8382
-79.9344,-87.9009,37.9843,20.8382
-79.9344,-88.1193,35.6583,20.6198
-79.9344,-88.1193,35.6583,20.6198
-79.9344,-88.1193,35.6583,21.2979
-79.9344,-88.1193,35.6583,21.2979
-76.7635,-88.1271,38.837,21.2979
-76.7635,-88.1271,38.837,21.2979
-76.7635,-88.3601,36.3008,21.0649
-76.7635,-88.3601,36.3008,21.0649
-75.1856,-88.3579,37.8766,21.0649
-75.1856,-88.3579,37.8766,21.0649
-75.1925,-88.3648,37.8766,21.0649
-75.1925,-88.3648,37.8766,21.0649
-73.6736,-88.3648,39.3955,21.0649
-73.6736,-88.3648,39.3955,21.0649
-73.6688,-88.8683,39.3955,20.5566
-73.6688,-88.8683,39.3955,20.5566
-73.6688,-88.8683,33.871,22.3837
-73.6688,-88.8683,33.871,22.3837
-73.6692,-88.8686,33.871,22.3837
-73.6692,-88.8686,33.871,22.3837
-73.6656,-89.1816,28.1536,22.0672
-73.6656,-89.1816,28.1536,22.0672
-73.6656,-89.1816,28.1536,22.3417
-73.6656,-89.1816,28.1536,22.3417
-73.6656,-89.1816,28.1536,22.3417
-73.6656,-89.1816,28.1536,22.3417
-73.6627,-89.1786,28.1536,22.3417
-73.6627,-89.1786,28.1536,22.3417
-73.6627,-88.9955,22.257,22.5247
-73.6627,-88.9955,22.257,22.5247
-70.9071,-88.9955,25.0126,22.8777
-70.9071,-88.9955,25.0126,22.8777
-68.0523,-88.9934,27.8653,22.8777
-68.0523,-88.9934,27.8653,22.8777
-68.0523,-88.9934,27.8653,22.8777
-68.0523,-88.9934,27.8653,22.8777
-67.3576,-88.9948,28.5614,22.8777
-67.3576,-88.9948,28.5614,22.8777
-67.3576,-89.1894,22.8246,23.8878
-67.3576,-89.1894,22.8246,23.8878
-67.3576,-89.1894,22.8246,24.5259
-67.3576,-89.1894,22.8246,24.5259
-67.3576,-89.8527,20.1021,23.8626
-67.3576,-89.8527,20.1021,23.8626
-67.3576,-89.8527,17.479,24.776
-67.3576,-89.8527,17.479,24.776
-67.3516,-90.1371,17.479,24.4857
-67.3516,-90.1371,17.479,24.4857
-67.3516,-90.1371,14.9094,24.8084
-67.3516,-90.1371,14.9094,24.8084
-66.0904,-90.1371,16.1706,24.8084
-66.0904,-90.1371,16.1706,24.8084
-66.0949,-90.348,16.1706,24.602
-66.0949,-90.348,16.1706,24.602
-66.5772,-90.348,13.1323,24.602
-66.5772,-90.348,13.1323,24.602
-66.5772,-90.348,13.1323,24.602
-66.5772,-90.348,13.1323,24.602
-67.1282,-90.348,12.5813,24.602
-67.1282,-90.348,12.5813,24.602
-67.1282,-90.348,12.5813,24.602
-67.1282,-90.348,12.5813,24.602
-67.1282,-90.5477,12.5813,24.4023
-67.1282,-90.5477,12.5813,24.4023
-67.1282,-90.5477,12.5813,25.5143
-67.1282,-90.5477,12.5813,25.5143
-67.1282,-90.5477,12.5813,25.5143
-67.1282,-90.5477,12.5813,25.5143
-67.1282,-90.5477,2.80592,25.5143
-67.1282,-90.5477,2.80592,25.5143
-68.4369,-90.5477,1.49726,25.8939
-68.4369,-90.5477,1.49726,25.8939
-68.4389,-90.7267,-0.870615,25.7169
-68.4389,-90.7267,-0.870615,25.7169
-69.8404,-90.7267,-2.27204,26.1258
-69.8404,-90.7267,-2.27204,26.1258
-69.8318,-91.3134,-2.27204,25.5306
-69.8318,-91.3134,-2.27204,25.5306
-69.8318,-91.3134,-4.6606,25.5306
-69.8318,-91.3134,-4.6606,25.5306
-70.1924,-91.3134,-5.02127,25.5306
-70.1924,-91.3134,-5.02127,25.5306
-70.1932,-91.3142,-5.02127,25.5306
-70.1932,-91.3142,-5.02127,25.5306
-70.3531,-91.308,-5.18731,25.5306
-70.3531,-91.308,-5.18731,25.5306
-70.3531,-91.7494,-5.18731,25.0892
-70.3531,-91.7494,-5.18731,25.0892
-70.3531,-91.7494,-9.53862,26.0478
-70.3531,-91.7494,-9.53862,26.0478
-70.3545,-91.7508,-9.53862,26.0478
-70.3545,-91.7508,-9.53862,26.0478
-70.3545,-91.77,-12.1362,26.3533
-70.3545,-91.77,-12.1362,26.3533
-69.0158,-91.7682,-10.7992,26.3533
-69.0158,-91.7682,-10.7992,26.3533
-69.0158,-91.8212,-11.7605,26.3003
-69.0158,-91.8212,-11.7605,26.3003
-69.0158,-91.8212,-11.7605,26.7221
-69.0158,-91.8212,-11.7605,26.7221
-68.9645,-91.8212,-11.7092,26.7221
-68.9645,-91.8212,-11.7092,26.7221
-68.9645,-92.0198,-11.7092,26.5235
-68.9645,-92.0198,-11.7092,26.5235
-68.9645,-92.0198,-11.7092,26.5235
-68.9645,-92.0198,-11.7092,26.5235
-68.9645,-92.0198,-12.4907,26.5235
-68.9645,-92.0198,-12.4907,26.5235
-68.9645,-92.0198,-12.4907,27.4367
-68.9645,-92.0198,-12.4907,27.4367
-68.8306,-92.3265,-12.3529,27.1338
-68.8306,-92.3265,-12.3529,27.1338
-68.8306,-93.0365,-13.7825,26.8762
-68.8306,-93.0365,-13.7825,26.8762
-68.8306,-93.0365,-13.7825,27.2449
-68.8306,-93.0365,-13.7825,27.2449
-68.832,-93.2669,-13.9494,27.0159
-68.832,-93.2669,-13.9494,27.0159
-68.832,-93.2669,-13.9494,27.2477
-68.832,-93.2669,-13.9494,27.2477
-68.792,-93.3905,-13.9121,27.1214
-68.792,-93.3905,-13.9121,27.1214
-68.792,-93.4594,-13.9261,27.0524
-68.792,-93.4594,-13.9261,27.0524
-68.9567,-93.4594,-14.0908,27.2794
-68.9567,-93.4594,-14.0908,27.2794
-68.9567,-93.4594,-14.0908,27.2794
-68.9567,-93.4594,-14.0908,27.2794
-69.1354,-93.4594,-14.1822,27.2794
-69.1354,-93.4594,-14.1822,27.2794
-69.1266,-93.4506,-14.1822,27.2794
-69.1266,-93.4506,-14.1822,27.2794
-69.1266,-93.8157,-14.1822,27.7088
-69.1266,-93.8157,-14.1822,27.7088
-69.4385,-93.816,-14.4938,27.7088
-69.4385,-93.816,-14.4938,27.7088
-69.439,-94.2126,-14.4938,27.3128
-69.439,-94.2126,-14.4938,27.3128
-69.439,-94.2126,-13.9846,28.1862
-69.439,-94.2126,-13.9846,28.1862
-69.4463,-94.2198,-13.9846,28.1862
-69.4463,-94.2198,-13.9846,28.1862
-69.4463,-94.8775,-13.9846,27.5285
-69.4463,-94.8775,-13.9846,27.5285
-69.4463,-94.8775,-13.9846,27.5285
-69.4463,-94.8775,-13.9846,27.5285
-69.4463,-94.8775,-13.9846,27.5285
-69.4463,-94.8775,-13.9846,27.5285
-69.4463,-94.8775,-12.5539,28.0943
-69.4463,-94.8775,-12.5539,28.0943
-71.7485,-94.8783,-14.8554,28.0943
-71.7485,-94.8783,-14.8554,28.0943
-71.7485,-95.1661,-14.9302,27.8065
-71.7485,-95.1661,-14.9302,27.8065
-71.6939,-95.1661,-14.8755,27.8065
-71.6939,-95.1661,-14.8755,27.8065
-71.6909,-95.8698,-14.8755,27.0997
-71.6909,-95.8698,-14.8755,27.0997
-71.6909,-95.8698,-14.8755,27.7478
-71.6909,-95.8698,-14.8755,27.7478
-71.6953,-95.8742,-14.8755,27.7478
-71.6953,-95.8742,-14.8755,27.7478
-71.6953,-96.4611,-13.9147,27.7189
-71.6953,-96.4611,-13.9147,27.7189
-71.7003,-96.4661,-13.9147,27.7189
-71.7003,-96.4661,-13.9147,27.7189
-71.7003,-96.7711,-13.4185,27.707
-71.7003,-96.7711,-13.4185,27.707
-72.3581,-97.0998,-14.0674,27.3872
-72.3581,-97.0998,-14.0674,27.3872
-72.3581,-97.0998,-13.5375,27.759
-72.3581,-97.0998,-13.5375,27.759
-73.0803,-97.0998,-14.2596,27.759
-73.0803,-97.0998,-14.2596,27.759
-73.0833,-97.1028,-14.2596,27.759
-73.0833,-97.1028,-14.2596,27.759
-73.5375,-97.1028,-14.7138,27.759
-73.5375,-97.1028,-14.7138,27.759
-73.5407,-97.1061,-14.7138,27.759
-73.5407,-97.1061,-14.7138,27.759
-73.5407,-97.738,-14.7138,27.1271
-73.5407,-97.738,-14.7138,27.1271
-73.5407,-97.738,-14.7138,27.1271
-73.5407,-97.738,-14.7138,27.1271
-73.5348,-97.7321,-14.7138,27.1271
-73.5348,-97.7321,-14.7138,27.1271
-73.5348,-98.2999,-12.3292,26.5592
-73.5348,-98.2999,-12.3292,26.5592
-73.5348,-98.2999,-12.3292,26.5592
-73.5348,-98.2999,-12.3292,26.5592
-74.6463,-98.5762,-13.4415,27.1902
-74.6463,-98.5762,-13.4415,27.1902
-74.6463,-98.5762,-12.5743,27.7657
-74.6463,-98.5762,-12.5743,27.7657
-75.1995,-98.5774,-13.1264,27.7657
-75.1995,-98.5774,-13.1264,27.7657
-75.1995,-98.5774,-12.222,27.7657
-75.1995,-98.5774,-12.222,27.7657
-75.783,-98.5774,-12.8055,27.7657
-75.783,-98.5774,-12.8055,27.7657
-75.7969,-98.8653,-12.8055,27.4917
-75.7969,-98.8653,-12.8055,27.4917
-76.5407,-98.8653,-13.5492,27.4917
-76.5407,-98.8653,-13.5492,27.4917
-76.5493,-99.131,-13.5492,27.2345
-76.5493,-99.131,-13.5492,27.2345
-76.5493,-99.2275,-13.5492,27.8439
-76.5493,-99.2275,-13.5492,27.8439
-76.5493,-99.2275,-13.5492,27.8439
-76.5493,-99.2275,-13.5492,27.8439
-76.5476,-99.2412,-13.5492,27.8285
-76.5476,-99.2412,-13.5492,27.8285
-76.5436,-99.2372,-9.22767,28.2838
-76.5436,-99.2372,-9.22767,28.2838
-76.5436,-99.2372,-8.27681,28.2838
-76.5436,-99.2372,-8.27681,28.2838
-76.5436,-99.2809,-8.27681,28.8506
-76.5436,-99.2809,-8.27681,28.8506
-80.0973,-99.2809,-11.8305,28.8506
-80.0973,-99.2809,-11.8305,28.8506
-80.0992,-99.2829,-11.8305,28.8506
-80.0992,-99.2829,-11.8305,28.8506
-80.0992,-99.2829,-11.8305,28.8506
-80.0992,-99.2829,-11.8305,28.8506
-80.0992,-99.2829,-11.8305,28.8506
-80.0992,-99.2829,-11.8305,28.8506
-80.0992,-99.1902,-11.0575,28.9434
-80.0992,-99.1902,-11.0575,28.9434
-80.834,-99.1902,-11.7924,30.5454
-80.834,-99.1902,-11.7924,30.5454
-81.4709,-98.782,-12.4237,30.9591
-81.4709,-98.782,-12.4237,30.9591
-81.4709,-98.782,-9.261,31.4227
-81.4709,-98.782,-9.261,31.4227
-81.4663,-97.862,-9.261,32.3382
-81.4663,-97.862,-9.261,32.3382
-81.4663,-97.862,-8.29566,32.3382
-81.4663,-97.862,-8.29566,32.3382
-83.8627,-97.862,-10.692,33.0094
-83.8627,-97.862,-10.692,33.0094
-83.8659,-97.1861,-10.692,33.6884
-83.8659,-97.1861,-10.692,33.6884
-83.8659,-97.1861,-9.62351,34.254
-83.8659,-97.1861,-9.62351,34.254
-84.5958,-97.1789,-10.3606,34.254
-84.5958,-97.1789,-10.3606,34.254
-84.5958,-97.1789,-10.3606,34.254
-84.5958,-97.1789,-10.3606,34.254
-85.4565,-97.1789,-11.2213,34.254
-85.4565,-97.1789,-11.2213,34.254
-85.4538,-95.8403,-11.2213,35.59
-85.4538,-95.8403,-11.2213,35.59
-85.453,-95.8394,-11.2213,35.59
-85.453,-95.8394,-11.2213,35.59
-85.453,-95.0684,-9.14503,37.4302
-85.453,-95.0684,-9.14503,37.4302
-85.4482,-95.0637,-9.14503,37.4302
-85.4482,-95.0637,-9.14503,37.4302
-85.4482,-95.0637,-7.38035,39.4446
-85.4482,-95.0637,-7.38035,39.4446
-85.4482,-95.0637,-7.38035,39.4446
-85.4482,-95.0637,-7.38035,39.4446
-85.4482,-95.0637,-7.38035,39.4446
-85.4482,-95.0637,-7.38035,39.4446
-85.4482,-93.9708,-7.38035,40.5375
-85.4482,-93.9708,-7.38035,40.5375
-85.4482,-93.4598,-6.19783,41.0485
-85.4482,-93.4598,-6.19783,41.0485
-89.0989,-93.4608,-9.84754,41.4572
-89.0989,-93.4608,-9.84754,41.4572
-89.0999,-93.4617,-9.84754,41.4572
-89.0999,-93.4617,-9.84754,41.4572
-89.4942,-93.4617,-10.2418,41.4572
-89.4942,-93.4617,-10.2418,41.4572
-89.5024,-91.9971,-10.2418,42.9301
-89.5024,-91.9971,-10.2418,42.9301
-89.5024,-91.0188,-10.2418,44.5981
-89.5024,-91.0188,-10.2418,44.5981
-89.5024,-91.0188,-10.2418,44.5981
-89.5024,-91.0188,-10.2418,44.5981
-89.5023,-90.2989,-8.85933,45.3179
-89.5023,-90.2989,-8.85933,45.3179
-89.5023,-90.2989,-8.34468,46.8942
-89.5023,-90.2989,-8.34468,46.8942
-89.5024,-89.7565,-8.34468,47.4366
-89.5024,-89.7565,-8.34468,47.4366
-89.5024,-89.7565,-7.8272,49.6446
-89.5024,-89.7565,-7.8272,49.6446
-91.318,-89.7594,-9.63996,49.6446
-91.318,-89.7594,-9.63996,49.6446
-91.318,-89.7594,-9.21317,49.6446
-91.318,-89.7594,-9.21317,49.6446
-91.7532,-89.0924,-9.64836,50.3116
-91.7532,-89.0924,-9.64836,50.3116
-91.7552,-89.0944,-9.64836,50.3116
-91.7552,-89.0944,-9.64836,50.3116
-91.7552,-89.0944,-9.64836,50.3116
-91.7552,-89.0944,-9.64836,50.3116
-92.1601,-89.0981,-10.0495,50.3116
-92.1601,-89.0981,-10.0495,50.3116
-92.1647,-89.1027,-10.0495,50.3116
-92.1647,-89.1027,-10.0495,50.3116
-92.1647,-89.1027,-10.0495,50.3116
-92.1647,-89.1027,-10.0495,50.3116
-92.1647,-87.0866,-10.0495,52.3278
-92.1647,-87.0866,-10.0495,52.3278
-92.1647,-85.9618,-8.66518,54.721
-92.1647,-85.9618,-8.66518,54.721
-92.8518,-85.958,-9.35621,54.721
-92.8518,-85.958,-9.35621,54.721
-92.8518,-84.6736,-9.09479,56.0054
-92.8518,-84.6736,-9.09479,56.0054
-93.4747,-84.6662,-9.72513,55.5123
-93.4747,-84.6662,-9.72513,55.5123
-93.4754,-84.6668,-9.72513,55.5123
-93.4754,-84.6668,-9.72513,55.5123
-93.4754,-83.3929,-9.45542,56.7862
-93.4754,-83.3929,-9.45542,56.7862
-93.7784,-83.3918,-9.75949,56.7862
-93.7784,-83.3918,-9.75949,56.7862
-93.7784,-83.3918,-9.75949,56.7862
-93.7784,-83.3918,-9.75949,56.7862
-94.0049,-83.3918,-9.98606,56.7862
-94.0049,-83.3918,-9.98606,56.7862
-94.0122,-82.0626,-9.98606,58.1226
-94.0122,-82.0626,-9.98606,58.1226
-94.0122,-77.8475,-9.98606,54.8639
-94.0122,-77.8475,-9.98606,54.8639
-94.0117,-77.8471,-9.98606,54.8639
-94.0117,-77.8471,-9.98606,54.8639
-94.0117,-75.4992,-9.00907,57.2118
-94.0117,-75.4992,-9.00907,57.2118
-94.4115,-75.4992,-9.40888,54.1827
-94.4115,-75.4992,-9.40888,54.1827
-94.4115,-73.1313,-9.11445,56.5506
-94.4115,-73.1313,-9.11445,56.5506
-95.0846,-73.1313,-9.78746,52.8868
-95.0846,-73.1313,-9.78746,52.8868
-95.0846,-73.1313,-9.78746,52.8868
-95.0846,-73.1313,-9.78746,52.8868
-95.1032,-73.1499,-9.78746,52.8868
-95.1032,-73.1499,-9.78746,52.8868
-95.5478,-64.3033,-9.62274,53.3772
-95.5478,-64.3033,-9.62274,53.3772
-95.5478,-64.3033,-9.62274,53.3772
-95.5478,-64.3033,-9.62274,53.3772
-95.5442,-64.2997,-9.62274,44.202
-95.5442,-64.2997,-9.62274,44.202
-95.5442,-60.6507,-9.15937,43.4721
-95.5442,-60.6507,-9.15937,43.4721
-96.0876,-60.6443,-9.70922,43.4721
-96.0876,-60.6443,-9.70922,43.4721
-96.0895,-59.445,-9.47293,44.6732
-96.0895,-59.445,-9.47293,44.6732
-96.6993,-59.445,-10.0828,40.5973
-96.6993,-59.445,-10.0828,40.5973
-96.6952,-59.4409,-10.0828,40.5973
-96.6952,-59.4409,-10.0828,40.5973
-96.6952,-59.4409,-9.86905,40.5973
-96.6952,-59.4409,-9.86905,40.5973
-96.9154,-59.4434,-10.0868,40.5973
-96.9154,-59.4434,-10.0868,40.5973
-96.9154,-58.0946,-10.0868,41.9461
-96.9154,-58.0946,-10.0868,41.9461
-97.1072,-58.0946,-10.2786,34.4338
-97.1072,-58.0946,-10.2786,34.4338
-97.1141,-57.9669,-10.2786,34.5683
-97.1141,-57.9669,-10.2786,34.5683
-97.1141,-57.9915,-9.46409,28.2593
-97.1141,-57.9915,-9.46409,28.2593
-97.1123,-57.9897,-9.46409,28.2593
-97.1123,-57.9897,-9.46409,28.2593
-97.1123,-58.3873,-9.46409,27.8618
-97.1123,-58.3873,-9.46409,27.8618
-97.1123,-58.3873,-9.46409,27.8618
-97.1123,-58.3873,-9.46409,27.8618
-97.1123,-58.3873,-9.46409,27.8618
-97.1123,-58.3873,-9.46409,27.8618
-97.1123,-58.3873,-8.59859,22.8347
-97.1123,-58.3873,-8.59859,22.8347
-98.6883,-58.389,-10.1728,22.8347
-98.6883,-58.389,-10.1728,22.8347
-98.6973,-58.4744,-9.73467,22.7582
-98.6973,-58.4744,-9.73467,22.7582
-99.0916,-58.4744,-10.1289,22.7582
-99.0916,-58.4744,-10.1289,22.7582
-99.0923,-58.4788,-10.1289,22.7546
-99.0923,-58.4788,-10.1289,22.7546
-99.0923,-58.5549,-10.1289,18.5072
-99.0923,-58.5549,-10.1289,18.5072
-99.083,-58.5457,-10.1289,18.5072
-99.083,-58.5457,-10.1289,18.5072
-99.083,-58.7583,-9.15258,18.2946
-99.083,-58.7583,-9.15258,18.2946
-99.085,-58.7602,-8.08257,17.8445
-99.085,-58.7602,-8.08257,17.8445
-99.085,-59.3494,-8.08257,17.2554
-99.085,-59.3494,-8.08257,17.2554
-100.588,-59.3434,-9.06344,17.2554
-100.588,-59.3434,-9.06344,17.2554
-101.094,-59.3434,-9.56847,17.4488
-101.094,-59.3434,-9.56847,17.4488
-101.095,-59.3449,-9.56847,17.4488
-101.095,-59.3449,-9.56847,17.4488
-101.097,-59.9905,-9.56847,16.8055
-101.097,-59.9905,-9.56847,16.8055
-101.606,-59.9905,-9.53993,16.8055
-101.606,-59.9905,-9.53993,16.8055
-101.59,-59.9746,-9.53993,16.8055
-101.59,-59.9746,-9.53993,16.8055
-101.59,-60.6746,-9.53993,16.1055
-101.59,-60.6746,-9.53993,16.1055
-101.59,-60.6746,-9.53993,17.1329
-101.59,-60.6746,-9.53993,17.1329
-101.59,-60.6746,-9.53993,17.1329
-101.59,-60.6746,-9.53993,17.1329
-101.59,-60.6746,-9.53993,17.1329
-101.59,-60.6746,-9.53993,17.1329
-101.598,-63.452,-9.53993,14.3629
-101.598,-63.452,-9.53993,14.3629
-101.598,-63.452,-7.33503,14.8051
-101.598,-63.452,-7.33503,14.8051
-102.97,-63.452,-8.7073,14.4385
-102.97,-63.452,-8.7073,14.4385
-102.98,-64.0165,-8.7073,13.8841
-102.98,-64.0165,-8.7073,13.8841
-102.98,-64.0165,-8.03388,13.9016
-102.98,-64.0165,-8.03388,13.9016
-104.23,-64.0242,-9.27547,13.9016
-104.23,-64.0242,-9.27547,13.9016
-104.23,-64.0242,-8.54622,13.9016
-104.23,-64.0242,-8.54622,13.9016
-104.23,-64.0242,-8.54622,13.9016
-104.23,-64.0242,-8.54622,13.9016
-104.236,-64.0309,-8.54622,13.9016
-104.236,-64.0309,-8.54622,13.9016
-104.779,-64.0309,-9.08942,14.7291
-104.779,-64.0309,-9.08942,14.7291
-104.774,-63.991,-9.08942,14.7636
-104.774,-63.991,-9.08942,14.7636
-104.774,-64.621,-6.37245,15.3677
-104.774,-64.621,-6.37245,15.3677
-104.774,-64.621,-6.37245,15.3677
-104.774,-64.621,-6.37245,15.3677
-104.774,-65.0798,-5.45964,15.4599
-104.774,-65.0798,-5.45964,15.4599
-104.774,-65.0798,-5.45964,15.4599
-104.774,-65.0798,-5.45964,15.4599
-104.774,-65.0798,-4.57179,16.2416
-104.774,-65.0798,-4.57179,16.2416
-106.938,-65.0757,-6.74016,16.2416
-106.938,-65.0757,-6.74016,16.2416
-106.938,-65.4353,-6.74016,15.882
-106.938,-65.4353,-6.74016,15.882
-106.938,-65.4353,-6.74016,15.882
-106.938,-65.4353,-6.74016,15.882
-106.938,-65.4353,-5.84128,15.882
-106.938,-65.4353,-5.84128,15.882
-107.271,-65.4353,-6.17375,15.882
-107.271,-65.4353,-6.17375,15.882
-107.602,-65.4319,-6.50877,15.882
-107.602,-65.4319,-6.50877,15.882
-107.602,-67.2665,-4.65358,14.0475
-107.602,-67.2665,-4.65358,14.0475
-107.602,-67.2665,-4.65358,17.5535
-107.602,-67.2665,-4.65358,17.5535
-107.599,-67.9537,-2.78556,16.863
-107.599,-67.9537,-2.78556,16.863
-108.239,-67.9537,-3.4251,17.6696
-108.239,-67.9537,-3.4251,17.6696
-108.231,-67.9461,-3.4251,17.6696
-108.231,-67.9461,-3.4251,17.6696
-108.231,-68.7164,-2.46939,16.8994
-108.231,-68.7164,-2.46939,16.8994
-108.828,-68.7176,-3.06491,17.6889
-108.828,-68.7176,-3.06491,17.6889
-108.826,-69.4688,-2.12269,16.936
-108.826,-69.4688,-2.12269,16.936
-109.107,-69.4688,-2.40403,16.936
-109.107,-69.4688,-2.40403,16.936
-109.106,-69.4679,-2.40403,16.936
-109.106,-69.4679,-2.40403,16.936
-109.37,-70.5583,-2.66759,15.8457
-109.37,-70.5583,-2.66759,15.8457
-109.373,-70.5613,-2.66759,15.8457
-109.373,-70.5613,-2.66759,15.8457
-109.373,-70.9831,-2.66759,18.9509
-109.373,-70.9831,-2.66759,18.9509
-109.373,-70.9831,-0.814415,18.9509
-109.373,-70.9831,-0.814415,18.9509
-109.376,-71.5176,-0.814415,18.4188
-109.376,-71.5176,-0.814415,18.4188
-109.376,-71.5176,1.01613,18.4188
-109.376,-71.5176,1.01613,18.4188
-109.376,-71.5176,1.01613,18.4188
-109.376,-71.5176,1.01613,18.4188
-109.376,-71.5176,1.90898,18.4188
-109.376,-71.5176,1.90898,18.4188
-109.994,-71.5176,1.29079,20.4291
-109.994,-71.5176,1.29079,20.4291
-110.004,-72.7133,1.29079,19.2438
-110.004,-72.7133,1.29079,19.2438
-110.004,-72.7133,2.17995,19.2438
-110.004,-72.7133,2.17995,19.2438
-110.408,-72.7086,1.77157,19.2438
-110.408,-72.7086,1.77157,19.2438
-110.408,-74.1379,1.77157,17.8145
-110.408,-74.1379,1.77157,17.8145
-110.725,-74.1379,1.45477,20.317
-110.725,-74.1379,1.45477,20.317
-110.733,-74.938,1.45477,19.5253
-110.733,-74.938,1.45477,19.5253
-110.733,-75.7595,3.33786,20.9771
-110.733,-75.7595,3.33786,20.9771
-110.728,-75.7541,3.33786,20.9771
-110.728,-75.7541,3.33786,20.9771
-110.725,-75.7512,4.86876,20.9771
-110.725,-75.7512,4.86876,20.9771
-110.788,-75.7512,4.80507,21.9348
-110.788,-75.7512,4.80507,21.9348
-110.787,-76.6188,4.80507,21.0658
-110.787,-76.6188,4.80507,21.0658
-110.787,-77.4986,5.4371,21.1479
-110.787,-77.4986,5.4371,21.1479
-109.677,-77.496,6.54478,21.1479
-109.677,-77.496,6.54478,21.1479
-109.677,-77.496,7.28533,21.1479
-109.677,-77.496,7.28533,21.1479
-109.677,-77.496,7.28533,21.1479
-109.677,-77.496,7.28533,21.1479
-109.668,-79.0005,7.28533,19.635
-109.668,-79.0005,7.28533,19.635
-109.668,-79.0005,7.28533,19.635
-109.668,-79.0005,7.28533,19.635
-109.668,-79.0005,7.28533,19.635
-109.668,-79.0005,7.28533,19.635
-108.941,-79.0005,8.01242,22.7855
-108.941,-79.0005,8.01242,22.7855
-108.95,-81.1314,8.01242,20.6631
-108.95,-81.1314,8.01242,20.6631
-108.95,-81.1314,12.0036,21.4678
-108.95,-81.1314,12.0036,21.4678
-106.954,-81.1209,13.9888,21.4678
-106.954,-81.1209,13.9888,21.4678
-106.954,-81.8836,16.7629,20.7051
-106.954,-81.8836,16.7629,20.7051
-104.697,-81.8836,19.0195,21.3932
-104.697,-81.8836,19.0195,21.3932
-104.696,-81.882,19.0195,21.3932
-104.696,-81.882,19.0195,21.3932
-104.696,-81.882,19.0195,21.3932
-104.696,-81.882,19.0195,21.3932
-103.033,-81.8821,20.6823,21.3932
-103.033,-81.8821,20.6823,21.3932
-103.033,-83.0834,20.6823,20.1919
-103.033,-83.0834,20.6823,20.1919
-103.033,-83.0834,20.6823,21.4345
-103.033,-83.0834,20.6823,21.4345
-103.035,-83.3788,20.6823,21.1413
-103.035,-83.3788,20.6823,21.1413
-103.035,-83.3788,28.608,21.3966
-103.035,-83.3788,28.608,21.3966
-103.035,-83.8035,30.1962,20.9717
-103.035,-83.8035,30.1962,20.9717
-103.035,-83.8035,30.1962,21.4256
-103.035,-83.8035,30.1962,21.4256
-101.3,-83.8035,31.9311,21.4256
-101.3,-83.8035,31.9311,21.4256
-101.296,-84.2727,31.9311,20.9519
-101.296,-84.2727,31.9311,20.9519
-101.296,-84.2727,33.2278,20.9519
-101.296,-84.2727,33.2278,20.9519
-101.296,-84.2727,33.2278,20.9519
-101.296,-84.2727,33.2278,20.9519
-101.296,-84.2727,33.2278,20.9519
-101.296,-84.2727,33.2278,20.9519
-100.4,-84.2727,34.1233,20.9519
-100.4,-84.2727,34.1233,20.9519
-100.386,-84.7407,34.1233,20.4701
-100.386,-84.7407,34.1233,20.4701
-100.386,-84.7407,35.7805,21.7727
-100.386,-84.7407,35.7805,21.7727
-100.378,-84.7321,35.7805,21.7727
-100.378,-84.7321,35.7805,21.7727
-100.378,-85.8651,36.1257,20.6397
-100.378,-85.8651,36.1257,20.6397
-98.8342,-85.8651,37.6693,20.7976
-98.8342,-85.8651,37.6693,20.7976
-98.8329,-86.3085,37.6693,20.3529
-98.8329,-86.3085,37.6693,20.3529
-98.8329,-86.3085,37.3578,20.4342
-98.8329,-86.3085,37.3578,20.4342
-96.7774,-86.3111,39.4159,20.4342
-96.7774,-86.3111,39.4159,20.4342
-95.6037,-86.7262,40.0331,20.0191
-95.6037,-86.7262,40.0331,20.0191
-95.6028,-86.7252,40.0331,20.0191
-95.6028,-86.7252,40.0331,20.0191
-95.6028,-86.7252,40.0331,20.0191
-95.6028,-86.7252,40.0331,20.0191
-94.2943,-86.7119,41.3283,20.0191
-94.2943,-86.7119,41.3283,20.0191
-94.3024,-87.5433,41.3283,19.1958
-94.3024,-87.5433,41.3283,19.1958
-94.297,-87.5379,41.3283,19.2563
-94.297,-87.5379,41.3283,19.2563
-94.2977,-87.5386,38.3804,19.2563
-94.2977,-87.5386,38.3804,19.2563
-94.2977,-87.5386,37.2269,19.901
-94.2977,-87.5386,37.2269,19.901
-94.2978,-87.5388,37.2269,19.901
-94.2978,-87.5388,37.2269,19.901
-94.2978,-87.5388,37.2269,19.901
-94.2978,-87.5388,37.2269,19.901
-94.2978,-87.5388,37.2269,19.901
-94.2978,-87.5388,37.2269,19.901
-94.2937,-87.8025,35.927,19.6331
-94.2937,-87.8025,35.927,19.6331
-94.2937,-87.8025,34.3443,19.9041
-94.2937,-87.8025,34.3443,19.9041
-88.3424,-87.7997,40.2927,19.9041
-88.3424,-87.7997,40.2927,19.9041
-88.3424,-88.0579,40.2927,19.6459
-88.3424,-88.0579,40.2927,19.6459
-83.7164,-88.0579,44.9187,19.6459
-83.7164,-88.0579,44.9187,19.6459
-83.7191,-88.9667,44.9187,18.7398
-83.7191,-88.9667,44.9187,18.7398
-83.7191,-88.9667,40.9108,19.7535
-83.7191,-88.9667,40.9108,19.7535
-81.2622,-89.5679,43.3725,19.157
-81.2622,-89.5679,43.3725,19.157
-81.2622,-89.5679,38.5181,19.2767
-81.2622,-89.5679,38.5181,19.2767
-81.2608,-89.5665,38.5181,19.2767
-81.2608,-89.5665,38.5181,19.2767
-81.2774,-89.7831,35.8477,19.0767
-81.2774,-89.7831,35.8477,19.0767
-76.3202,-89.7831,40.8048,19.1987
-76.3202,-89.7831,40.8048,19.1987
-71.8419,-89.9478,45.278,19.029
-71.8419,-89.9478,45.278,19.029
-71.8419,-89.9478,42.4438,19.029
-71.8419,-89.9478,42.4438,19.029
-69.908,-89.9504,44.3805,19.029
-69.908,-89.9504,44.3805,19.029
-69.9105,-89.953,44.3805,19.029
-69.9105,-89.953,44.3805,19.029
-68.414,-89.9502,45.8741,19.029
-68.414,-89.9502,45.8741,19.029
-68.4109,-89.947,45.8741,19.029
-68.4109,-89.947,45.8741,19.029
-68.4109,-89.947,45.8741,19.029
-68.4109,-89.947,45.8741,19.029
-68.4109,-90.0482,45.8741,18.9278
-68.4109,-90.0482,45.8741,18.9278
-68.4109,-90.3204,39.6426,18.6555
-68.4109,-90.3204,39.6426,18.6555
-68.4109,-90.3204,32.9374,19.7187
-68.4109,-90.3204,32.9374,19.7187
-65.8033,-90.3157,35.5402,19.7187
-65.8033,-90.3157,35.5402,19.7187
-65.8033,-90.7973,32.1665,19.2371
-65.8033,-90.7973,32.1665,19.2371
-65.8046,-90.7986,32.1665,19.4319
-65.8046,-90.7986,32.1665,19.4319
-65.8053,-91.0671,28.6544,19.1641
-65.8053,-91.0671,28.6544,19.1641
-63.2396,-91.0671,31.2202,19.1641
-63.2396,-91.0671,31.2202,19.1641
-63.2395,-91.3262,31.2202,18.905
-63.2395,-91.3262,31.2202,18.905
-63.2395,-91.3262,31.2202,19.2799
-63.2395,-91.3262,31.2202,19.2799
-63.2219,-91.3252,31.2368,19.2799
-63.2219,-91.3252,31.2368,19.2799
-63.2219,-91.7083,24.0202,18.8967
-63.2219,-91.7083,24.0202,18.8967
-63.2188,-91.7053,24.0202,18.8967
-63.2188,-91.7053,24.0202,18.8967
-63.2007,-91.8372,24.0202,18.7467
-63.2007,-91.8372,24.0202,18.7467
-63.2007,-91.8372,16.988,19.3987
-63.2007,-91.8372,16.988,19.3987
-63.5761,-91.8434,16.6188,19.3987
