-6.75023,32.059,-8.55848,22.1775
-6.75023,32.059,-8.55848,22.1775
-6.75023,32.059,-8.55848,22.1775
-6.75454,32.0547,-8.55848,22.1775
-6.76332,32.0459,-8.55848,22.1775
-6.77211,32.0371,-8.55848,22.1775
-6.77229,32.0369,-8.55848,22.1775
-6.77229,32.0369,-8.55848,22.1775
-6.76964,31.2432,-8.55848,21.3811
-6.76399,29.5538,-8.55848,19.6861
-6.75835,27.8645,-8.55848,17.991
-6.75812,27.7966,-8.55848,17.9229
-6.75812,27.7966,-8.55848,17.9229
-6.75812,27.7966,-8.12701,17.9039
-6.75812,27.7966,-7.16764,17.8616
-6.75812,27.7966,-6.20828,17.8193
-6.75812,27.7966,-6.15043,17.8168
-6.75812,27.7966,-6.15043,17.8168
-6.80915,27.6177,-6.20504,17.6344
-6.92791,27.2015,-6.33215,17.2098
-7.04668,26.7852,-6.45926,16.7851
-7.05623,26.7517,-6.46948,16.751
-7.05623,26.7517,-6.46948,16.751
-7.05623,26.7517,-6.33187,16.751
-7.05623,26.7517,-5.99586,16.751
-7.05623,26.7517,-5.65985,16.751
-7.05623,26.7517,-5.62608,16.751
-7.05623,26.7517,-5.62608,16.751
-7.05623,26.7517,-5.62608,16.751
-7.05623,26.7517,-5.62608,16.751
-7.05623,26.7517,-5.62608,16.751
-7.05623,26.7517,-5.62608,16.751
-7.05623,26.7517,-5.62608,16.751
-7.05623,26.7517,-5.62608,16.751
-7.05623,26.7517,-5.62608,16.751
-7.05623,26.7517,-5.62608,16.751
-7.05623,26.7517,-5.62608,16.751
-7.05623,26.7517,-5.62608,16.751
-7.07113,26.7517,-5.64098,16.8774
-7.11378,26.7517,-5.68363,17.2394
-7.15644,26.7517,-5.72629,17.6014
-7.1633,26.7517,-5.73315,17.6596
-7.1633,26.7517,-5.73315,17.6596
-7.17293,26.7489,-5.74003,17.6596
-7.20218,26.7406,-5.76093,17.6596
-7.23143,26.7322,-5.78183,17.6596
-7.23672,26.7307,-5.78561,17.6596
-7.23672,26.7307,-5.78561,17.6596
-7.23672,26.7307,-5.56565,17.6596
-7.23672,26.7307,-4.85389,17.6596
-7.23672,26.7307,-4.14214,17.6596
-7.23672,26.7307,-3.99907,17.6596
-7.23672,26.7307,-3.99907,17.6596
-7.2354,26.732,-3.99907,17.6596
-7.23085,26.7366,-3.99907,17.6596
-7.2263,26.7412,-3.99907,17.6596
-7.22529,26.7422,-3.99907,17.6596
-7.22529,26.7422,-3.99907,17.6596
-7.22101,26.5455,-3.90054,17.4586
-7.20508,25.8139,-3.53403,16.7112
-7.18916,25.0824,-3.16751,15.9637
-7.18532,24.9059,-3.07911,15.7834
-7.18532,24.9059,-3.07911,15.7834
-7.18532,24.9059,-3.07911,15.8673
-7.18532,24.9059,-3.07911,16.2046
-7.18532,24.9059,-3.07911,16.542
-7.18532,24.9059,-3.07911,16.6301
-7.18532,24.9059,-3.07911,16.6301
-7.17872,24.9125,-3.07911,16.6301
-7.14983,24.9414,-3.07911,16.6301
-7.12095,24.9703,-3.07911,16.6301
-7.11282,24.9784,-3.07911,16.6301
-7.11282,24.9784,-3.07911,16.6301
-7.10046,24.9908,-2.91299,16.6301
-7.04121,25.05,-2.11641,16.6301
-6.98196,25.1092,-1.31983,16.6301
-6.9641,25.1271,-1.07965,16.6301
-6.9641,25.1271,-1.07965,16.6301
-6.90854,25.1306,-1.02759,16.6301
-6.61372,25.1492,-0.751315,16.6301
-6.31889,25.1677,-0.475042,16.6301
-6.22407,25.1737,-0.38619,16.6301
-6.22407,25.1737,-0.38619,16.6301
-6.22407,25.0371,-0.38619,16.4935
-6.22407,24.2253,-0.38619,15.6817
-6.22407,23.4136,-0.38619,14.87
-6.22407,23.1362,-0.38619,14.5926
-6.22407,23.1362,-0.38619,14.5926
-6.17975,23.1362,-0.280497,14.6685
-5.88078,23.1362,0.432485,15.1802
-5.5818,23.1362,1.14547,15.6919
-5.47363,23.1362,1.40343,15.877
-5.47363,23.1362,1.40343,15.877
-5.4727,23.1371,1.40343,15.877
-5.46544,23.1444,1.40343,15.877
-5.45818,23.1516,1.40343,15.877
-5.45541,23.1544,1.40343,15.877
-5.45541,23.1544,1.40343,15.877
-5.45541,23.0928,1.40343,15.8154
-5.45541,22.5226,1.40343,15.2452
-5.45541,21.9523,1.40343,14.6749
-5.45541,21.7231,1.40343,14.4457
-5.45541,21.7231,1.40343,14.4457
-5.42951,21.7239,1.42851,14.474
-5.13505,21.7332,1.71368,14.7959
-4.84059,21.7425,1.99885,15.1178
-4.71629,21.7464,2.11922,15.2537
-4.71629,21.7464,2.11922,15.2537
-4.73892,21.7238,2.11922,15.2537
-5.07255,21.3901,2.11922,15.2537
-5.40618,21.0565,2.11922,15.2537
-5.55372,20.909,2.11922,15.2537
-5.55372,20.909,2.11922,15.2537
-5.55372,20.909,2.15834,15.2537
-5.55372,20.909,2.97773,15.2537
-5.55372,20.909,3.79713,15.2537
-5.55372,20.909,4.17595,15.2537
-5.55372,20.909,4.17595,15.2537
-5.5543,20.9084,4.17595,15.2537
-5.57527,20.8874,4.17595,15.2537
-5.59624,20.8664,4.17595,15.2537
-5.60636,20.8563,4.17595,15.2537
-5.60636,20.8563,4.17595,15.2537
-5.60636,20.8563,4.17595,15.2537
-5.60636,20.8563,4.17595,15.2537
-5.60636,20.8563,4.17595,15.2537
-5.60636,20.8563,4.17595,15.2537
-5.60636,20.8563,4.17595,15.2537
-5.60636,20.8563,4.17595,15.2537
-5.60636,20.8563,4.17595,15.2537
-5.60636,20.8563,4.17595,15.2537
-5.60636,20.8563,4.17595,15.2537
-5.60636,20.8563,4.17595,15.2537
-5.60636,20.8563,4.17595,15.2537
-5.60636,20.8563,4.17595,15.2537
-5.60636,20.8563,4.17595,15.2537
-5.60636,20.8563,4.17595,15.2537
-5.60636,20.8563,4.17595,15.2537
-5.60636,20.8563,4.17595,15.2537
-5.60636,20.8563,4.17595,16.1648
-5.60636,20.8563,4.17595,17.1267
-5.60636,20.8563,4.17595,17.6681
-5.60636,20.8563,4.17595,17.6681
-5.60636,20.8563,4.17595,17.6681
-5.09998,20.1874,4.70456,17.0214
-4.5538,19.4659,5.27471,16.3239
-4.23543,19.0454,5.60706,15.9173
-4.23543,19.0454,5.60706,15.9173
-4.23543,19.0454,5.60706,15.9173
-4.23543,18.3151,5.60706,15.854
-4.23543,17.5099,5.60706,15.7841
-4.23543,17.0244,5.60706,15.742
-4.23543,17.0244,5.60706,15.742
-4.23543,17.0244,5.60706,15.742
-3.04553,17.0122,6.80919,15.742
-1.70395,16.9984,8.16456,15.742
-0.867987,16.9898,9.00911,15.742
-0.867987,16.9898,9.00911,15.742
-0.867987,16.9898,9.00911,15.742
-0.867987,16.2785,9.94592,15.0307
-0.867987,15.4579,11.0267,14.2102
-0.867987,14.9301,11.7218,13.6824
-0.867987,14.9301,11.7218,13.6824
-0.867987,14.9301,11.7218,13.6824
-0.333121,14.9437,12.2431,14.2754
0.29856,14.9598,12.8587,14.9758
0.717564,14.9704,13.2671,15.4404
0.717564,14.9704,13.2671,15.4404
0.717564,14.9704,13.2671,15.4404
0.732956,14.9858,13.5605,15.4404
0.751576,15.0044,13.9154,15.4404
0.764301,15.0171,14.158,15.4404
0.764301,15.0171,14.158,15.4404
0.764301,15.0171,14.158,15.4404
0.764301,15.0171,14.8425,15.4404
0.764301,15.0171,15.6913,15.4404
0.764301,15.0171,16.2884,15.4404
0.764301,15.0171,16.2884,15.4404
0.764301,15.0171,16.2884,15.4404
0.816354,14.7613,16.2884,15.1326
0.882543,14.4361,16.2884,14.7411
0.930439,14.2007,16.2884,14.4579
0.930439,14.2007,16.2884,14.4579
0.930439,14.2007,16.2884,14.4579
0.930439,13.9153,17.0936,14.1725
0.930439,13.5428,18.1442,13.8
0.930439,13.2658,18.9256,13.523
0.930439,13.2658,18.9256,13.523
0.930439,13.2658,18.9256,13.523
0.94163,13.277,18.9256,14.2659
0.956628,13.292,18.9256,15.2615
0.968083,13.3035,18.9256,16.022
0.968083,13.3035,18.9256,16.022
0.968083,13.3035,18.9256,16.022
0.973473,12.8652,18.9256,15.5783
0.980895,12.2617,18.9256,14.9674
0.986714,11.7885,18.9256,14.4884
0.986714,11.7885,18.9256,14.4884
0.986714,11.7885,18.9256,14.4884
1.97943,11.7885,20.2848,14.7307
3.38548,11.7885,22.2099,15.0738
4.51597,11.7885,23.7577,15.3497
4.51597,11.7885,23.7577,15.3497
4.51597,11.7885,23.7577,15.3497
5.64222,11.8034,24.869,15.3497
7.28415,11.8252,26.4891,15.3497
8.6373,11.8432,27.8243,15.3497
8.6373,11.8432,27.8243,15.3497
8.6373,11.8432,27.8243,15.3497
8.6373,11.6496,28.117,15.3576
8.6373,11.3588,28.5566,15.3693
8.6373,11.1133,28.9277,15.3793
8.6373,11.1133,28.9277,15.3793
8.6373,11.1133,28.9277,15.3793
9.18173,11.1235,29.4619,15.3793
10.0249,11.1393,30.2893,15.3793
10.7536,11.1529,31.0044,15.3793
10.7536,11.1529,31.0044,15.3793
10.7536,11.1529,31.0044,15.3793
10.7634,10.9732,31.0044,15.1898
10.779,10.6859,31.0044,14.887
10.7928,10.4319,31.0044,14.6191
10.7928,10.4319,31.0044,14.6191
10.7928,10.4319,31.0044,14.6191
10.7928,10.4319,31.0044,14.6191
10.7928,10.4319,31.0044,14.6191
10.7928,10.4319,31.0044,14.6191
10.7928,10.4319,31.0044,14.6191
10.7928,10.4319,31.0044,14.6191
10.7928,10.4319,31.0044,14.6191
10.7928,10.4319,31.0044,14.6191
10.7928,10.4319,31.0044,14.6191
10.7928,10.4319,31.0044,14.6191
10.7928,10.4319,31.0044,14.6191
10.7928,10.4319,31.0044,14.6191
10.7928,10.4319,31.0044,14.6191
10.7928,10.4319,31.0044,14.6191
10.7928,10.4319,31.0044,14.6191
10.7928,10.4319,31.0044,14.6191
11.2419,10.4395,31.446,14.7686
12.0656,10.4533,32.2558,15.0428
12.8604,10.4667,33.0372,15.3073
12.8604,10.4667,33.0372,15.3073
12.8604,10.4667,33.0372,15.3073
12.9366,10.0758,33.0372,14.8403
13.0816,9.33148,33.0372,13.9509
13.2244,8.59836,33.0372,13.0749
13.2244,8.59836,33.0372,13.0749
13.2244,8.59836,33.0372,13.0749
13.2244,8.59836,33.4621,13.3281
13.2244,8.59836,34.3033,13.8294
13.2244,8.59836,35.1446,14.3308
13.2244,8.59836,35.1488,14.3333
13.2244,8.59836,35.1488,14.3333
13.9878,8.61407,35.8965,14.3333
15.5622,8.64648,37.4385,14.3333
17.1365,8.67889,38.9805,14.3333
17.1761,8.6797,39.0192,14.3333
17.1761,8.6797,39.0192,14.3333
17.1761,8.55474,39.0192,14.3279
17.1761,8.28589,39.0192,14.3163
17.1761,8.01705,39.0192,14.3047
17.1761,8.00489,39.0192,14.3042
17.1761,8.00489,39.0192,14.3042
17.8003,8.01553,39.6327,14.5158
19.2037,8.03947,41.0122,14.9915
20.6072,8.06341,42.3917,15.4672
20.6989,8.06497,42.4818,15.4983
20.6989,8.06497,42.4818,15.4983
20.7061,7.95311,42.4818,15.3792
20.7232,7.68968,42.4818,15.0987
20.7402,7.42624,42.4818,14.8183
20.7417,7.40374,42.4818,14.7943
20.7417,7.40374,42.4818,14.7943
20.7417,7.40374,42.3506,14.7943
20.7417,7.40374,42.0262,14.7943
20.7417,7.40374,41.7017,14.7943
20.7417,7.40374,41.6675,14.7943
20.7417,7.40374,41.6675,14.7943
21.0259,7.42163,41.9338,14.7943
21.765,7.46815,42.6264,14.7943
22.5042,7.51468,43.3191,14.7943
22.5971,7.52052,43.4061,14.7943
22.5971,7.52052,43.4061,14.7943
22.5971,7.41228,43.4061,14.7653
22.5971,7.11519,43.4061,14.6859
22.5971,6.8181,43.4061,14.6064
22.5971,6.77481,43.4061,14.5948
22.5971,6.77481,43.4061,14.5948
22.8183,6.7819,43.6202,14.5948
23.461,6.8025,44.2423,14.5948
24.1036,6.8231,44.8643,14.5948
24.2102,6.82652,44.9675,14.5948
24.2102,6.82652,44.9675,14.5948
24.2128,6.75554,44.5799,14.5212
24.221,6.53655,43.3842,14.294
24.2292,6.31756,42.1885,14.0668
24.2307,6.27684,41.9662,14.0246
24.2307,6.27684,41.9662,14.0246
24.2307,6.27684,41.7151,14.0246
24.2307,6.27684,40.889,14.0246
24.2307,6.27684,40.063,14.0246
24.2307,6.27684,39.8928,14.0246
24.2307,6.27684,39.8928,14.0246
24.2289,6.27503,39.8928,14.0246
24.2225,6.26864,39.8928,14.0246
24.2161,6.26225,39.8928,14.0246
24.2147,6.2608,39.8928,14.0246
24.2147,6.2608,39.8928,14.0246
24.2147,6.18231,39.3717,14.1227
24.2147,5.88481,37.3965,14.4948
24.2147,5.5873,35.4214,14.8668
24.2147,5.51405,34.935,14.9584
24.2147,5.51405,34.935,14.9584
24.2053,5.50461,34.935,15.0173
24.1665,5.46586,34.935,15.2589
24.1277,5.42712,34.935,15.5005
24.1174,5.4168,34.935,15.5648
24.1174,5.4168,34.935,15.5648
24.1174,5.38766,34.935,15.5357
24.1174,5.25737,34.935,15.4054
24.1174,5.12708,34.935,15.2751
24.1174,5.08976,34.935,15.2378
24.1174,5.08976,34.935,15.2378
24.1174,5.08976,34.935,15.2841
24.1174,5.08976,34.935,15.5115
24.1174,5.08976,34.935,15.739
24.1174,5.08976,34.935,15.8087
24.1174,5.08976,34.935,15.8087
24.1174,5.08976,34.935,15.8087
24.1174,5.08976,34.935,15.8087
24.1174,5.08976,34.935,15.8087
24.1174,5.08976,34.935,15.8087
24.1174,5.08976,34.935,15.8087
24.1174,5.08976,34.935,15.8087
24.1174,5.08976,34.935,15.8087
24.1174,5.08976,34.935,15.8087
24.1174,5.08976,34.935,15.8087
24.1174,5.08976,34.935,15.8087
24.3661,5.08976,35.1837,15.8394
26.1023,5.08976,36.9199,16.0537
27.8385,5.08976,38.6561,16.2681
28.4754,5.08976,39.293,16.3467
28.4754,5.08976,39.293,16.3467
28.4769,5.07632,39.293,16.3318
28.4887,4.96714,39.293,16.2108
28.5005,4.85796,39.293,16.0897
28.5051,4.81572,39.293,16.0429
28.5051,4.81572,39.293,16.0429
28.5333,4.79362,39.1953,16.0208
28.8067,4.57904,38.2464,15.8062
29.0802,4.36447,37.2975,15.5916
29.1915,4.27713,36.9113,15.5043
29.1915,4.27713,36.9113,15.5043
29.1987,4.28437,36.9113,15.5043
29.286,4.37164,36.9113,15.5043
29.3732,4.4589,36.9113,15.5043
29.4105,4.49618,36.9113,15.5043
29.4105,4.49618,36.9113,15.5043
29.4221,4.47799,36.5452,15.4861
29.6068,4.18841,30.7165,15.1966
29.7914,3.89883,24.8879,14.907
29.874,3.76932,22.2811,14.7775
29.874,3.76932,22.2811,14.7775
29.8751,3.73748,22.2123,14.7728
29.9017,2.99196,20.6006,14.6619
29.9283,2.24645,18.9889,14.551
29.9407,1.89804,18.2357,14.4992
29.9407,1.89804,18.2357,14.4992
29.9407,1.89524,18.2357,14.4994
29.9407,1.7716,18.2357,14.5087
29.9407,1.64795,18.2357,14.518
29.9407,1.58768,18.2357,14.5225
29.9407,1.58768,18.2357,14.5225
29.9399,1.58768,18.2349,14.5225
29.6265,1.58768,17.9215,14.5225
29.3131,1.58768,17.6081,14.5225
29.154,1.58768,17.449,14.5225
29.154,1.58768,17.449,14.5225
29.154,1.58768,17.449,14.5225
29.154,1.58768,17.449,14.5225
29.154,1.58768,17.449,14.5225
29.154,1.58768,17.449,14.5225
29.154,1.58768,17.449,14.5225
29.154,1.58768,17.449,14.5225
29.154,1.49604,17.449,14.4309
29.154,1.40081,17.449,14.3357
29.154,1.34865,17.449,14.2835
29.154,1.34865,17.449,14.2835
29.154,1.34865,17.449,14.2835
28.9087,1.34865,17.2037,14.4149
28.6484,1.34865,16.9434,14.5544
28.5006,1.34865,16.7956,14.6336
28.5006,1.34865,16.7956,14.6336
28.5006,1.34865,16.7956,14.6336
28.4987,1.34678,16.7956,14.6336
28.4967,1.34474,16.7956,14.6336
28.4955,1.34355,16.7956,14.6336
28.4955,1.34355,16.7956,14.6336
28.4955,1.34355,16.7956,14.6336
28.2267,1.34355,16.5268,14.6336
27.9287,1.34355,16.2288,14.6336
27.7475,1.34355,16.0476,14.6336
27.7475,1.34355,16.0476,14.6336
27.7475,1.34355,16.0476,14.6336
27.7542,1.35023,16.0476,14.6336
27.7617,1.35781,16.0476,14.6336
27.7665,1.36257,16.0476,14.6336
27.7665,1.36257,16.0476,14.6336
27.7665,1.36257,16.0476,14.6336
27.7665,1.29197,11.6476,14.563
27.7665,1.21005,6.54214,14.4811
27.7665,1.15695,3.23254,14.428
27.7665,1.15695,3.23254,14.428
27.7665,1.15695,3.23254,14.428
27.7665,1.15695,3.23254,14.7167
27.7665,1.15695,3.23254,15.0596
27.7665,1.15695,3.23254,15.2888
27.7665,1.15695,3.23254,15.2888
27.7665,1.15695,3.23254,15.2888
27.7665,1.15695,3.23254,15.2888
27.7665,1.15695,3.23254,15.2888
27.7665,1.15695,3.23254,15.2888
27.7665,1.15695,3.23254,15.2888
27.7665,1.15695,3.23254,15.2888
27.1797,1.15695,2.6457,15.2888
26.4475,1.15695,1.91353,15.2888
25.9287,1.15695,1.39475,15.2888
25.9287,1.15695,1.39475,15.2888
25.9287,1.15695,1.39475,15.2888
25.9174,1.14564,1.39475,15.2888
25.9029,1.13116,1.39475,15.2888
25.8924,1.12061,1.39475,15.2888
25.8924,1.12061,1.39475,15.2888
25.8924,1.12061,1.39475,15.2888
25.8924,0.939915,-2.08373,15.1081
25.8924,0.702567,-6.65282,14.8707
25.8924,0.524854,-10.0739,14.693
25.8924,0.524854,-10.0739,14.693
25.8924,0.524854,-10.0739,14.693
25.2706,0.513752,-10.6846,15.111
24.4317,0.498773,-11.5085,15.675
23.7867,0.487257,-12.1419,16.1086
23.7867,0.487257,-12.1419,16.1086
23.7867,0.487257,-12.1419,16.1086
23.487,0.239716,-13.3028,16.0266
23.0715,-0.103563,-14.9128,15.913
22.7436,-0.374392,-16.1829,15.8233
22.7436,-0.374392,-16.1829,15.8233
22.7436,-0.374392,-16.1829,15.8233
22.7244,-0.393571,-16.1829,15.8233
22.697,-0.420929,-16.1829,15.8233
22.6749,-0.443064,-16.1829,15.8233
22.6749,-0.443064,-16.1829,15.8233
22.6749,-0.443064,-16.1829,15.8233
22.6613,-0.456651,-16.1829,15.8233
22.6413,-0.476606,-16.1829,15.8233
22.6248,-0.493151,-16.1829,15.8233
22.6248,-0.493151,-16.1829,15.8233
22.6248,-0.493151,-16.1829,15.8233
22.6248,-0.493151,-17.4208,15.8233
22.6248,-0.493151,-19.2942,15.8233
22.6248,-0.493151,-20.8852,15.8233
22.6248,-0.493151,-20.8852,15.8233
22.6248,-0.493151,-20.8852,15.8233
22.3796,-0.530737,-21.0929,15.8233
21.9968,-0.5894,-21.417,15.8233
21.664,-0.640398,-21.6988,15.8233
21.664,-0.640398,-21.6988,15.8233
21.664,-0.640398,-21.6988,15.8233
21.6527,-0.759554,-21.8553,15.7155
21.6344,-0.951555,-22.1075,15.5419
21.6181,-1.12233,-22.3318,15.3874
21.6181,-1.12233,-22.3318,15.3874
21.6181,-1.12233,-22.3318,15.3874
21.6092,-1.13123,-22.3318,15.3874
21.5944,-1.14605,-22.3318,15.3874
21.5809,-1.15953,-22.3318,15.3874
21.5809,-1.15953,-22.3318,15.3874
21.5809,-1.15953,-22.3318,15.3874
21.5659,-1.3685,-22.3318,15.1934
21.5401,-1.72855,-22.3318,14.8591
21.5161,-2.06326,-22.3318,14.5484
21.5161,-2.06326,-22.3318,14.5484
21.5161,-2.06326,-22.3318,14.5484
21.5161,-2.12466,-22.2305,14.6819
21.5161,-2.23423,-22.0498,14.9201
21.5161,-2.3383,-21.8781,15.1464
21.5161,-2.3383,-21.8781,15.1464
21.5161,-2.3383,-21.8781,15.1464
21.4168,-2.33196,-21.9838,15.3613
21.2329,-2.32024,-22.1794,15.7592
21.0545,-2.30886,-22.3692,16.1451
21.0545,-2.30886,-22.3692,16.1451
21.0545,-2.30886,-22.3692,16.1451
21.0592,-2.36407,-22.3692,16.0852
21.0681,-2.47024,-22.3692,15.9701
21.077,-2.57533,-22.3692,15.8561
21.077,-2.57533,-22.3692,15.8561
21.077,-2.57533,-22.3692,15.8561
21.0556,-2.57533,-22.1928,15.9581
21.0127,-2.57533,-21.8401,16.1621
20.9698,-2.57533,-21.4873,16.3661
20.9694,-2.57533,-21.4838,16.3682
20.9694,-2.57533,-21.4838,16.3682
20.9905,-2.61268,-21.4838,16.3097
21.0344,-2.69052,-21.4838,16.1879
21.0784,-2.76835,-21.4838,16.0661
21.0797,-2.7707,-21.4838,16.0624
21.0797,-2.7707,-21.4838,16.0624
21.0797,-2.7707,-21.4838,16.1495
21.0797,-2.7707,-21.4838,16.3388
21.0797,-2.7707,-21.4838,16.5282
21.0797,-2.7707,-21.4838,16.5377
21.0797,-2.7707,-21.4838,16.5377
21.0142,-2.7707,-21.5493,16.5377
20.8654,-2.7707,-21.6981,16.5377
20.7165,-2.7707,-21.847,16.5377
20.706,-2.7707,-21.8575,16.5377
20.706,-2.7707,-21.8575,16.5377
20.706,-2.7707,-21.8575,16.5377
20.706,-2.7707,-21.8575,16.5377
20.706,-2.7707,-21.8575,16.5377
20.706,-2.7707,-21.8575,16.5377
20.706,-2.7707,-21.8575,16.5377
20.706,-2.7707,-21.8575,16.5377
20.706,-2.7707,-21.8575,16.5377
20.706,-2.7707,-21.8575,16.5377
20.706,-2.7707,-21.8575,16.5377
20.706,-2.7707,-21.8575,16.5377
20.736,-2.78794,-21.8575,16.4905
20.8149,-2.83338,-21.8575,16.3661
20.8939,-2.87882,-21.8575,16.2417
20.9042,-2.88476,-21.8575,16.2254
20.9042,-2.88476,-21.8575,16.2254
20.9042,-2.88476,-21.4748,16.2254
20.9042,-2.88476,-20.4095,16.2254
20.9042,-2.88476,-19.3443,16.2254
20.9042,-2.88476,-19.1837,16.2254
20.9042,-2.88476,-19.1837,16.2254
20.9133,-2.87571,-19.1837,16.3762
20.9399,-2.84902,-19.1837,16.8208
20.9666,-2.82234,-19.1837,17.2654
20.9712,-2.81778,-19.1837,17.3414
20.9712,-2.81778,-19.1837,17.3414
20.9712,-2.80139,-18.9413,17.3578
20.9712,-2.75001,-18.1815,17.4092
20.9712,-2.69863,-17.4217,17.4606
20.9712,-2.68882,-17.2766,17.4704
20.9712,-2.68882,-17.2766,17.4704
20.9712,-2.68882,-17.2766,17.6017
20.9712,-2.68882,-17.2766,18.0408
20.9712,-2.68882,-17.2766,18.4798
20.9712,-2.68882,-17.2766,18.5725
20.9712,-2.68882,-17.2766,18.5725
20.4342,-2.6796,-17.8228,18.5725
18.5088,-2.64655,-19.7812,18.5725
16.5835,-2.61349,-21.7397,18.5725
16.1384,-2.60585,-22.1924,18.5725
16.1384,-2.60585,-22.1924,18.5725
16.1384,-2.60568,-22.1225,18.6312
16.1384,-2.60503,-21.8525,18.8582
16.1384,-2.60437,-21.5824,19.0851
16.1384,-2.60421,-21.5146,19.1421
16.1384,-2.60421,-21.5146,19.1421
16.1804,-2.48447,-21.5923,19.1421
16.3564,-1.98284,-21.918,19.1421
16.5323,-1.48121,-22.2436,19.1421
16.5801,-1.34509,-22.332,19.1421
16.5801,-1.34509,-22.332,19.1421
16.5801,-1.33536,-22.332,19.1518
16.5801,-1.29087,-22.332,19.1963
16.5801,-1.24638,-22.332,19.2408
16.5801,-1.23341,-22.332,19.2538
16.5801,-1.23341,-22.332,19.2538
16.5514,-1.23341,-22.3607,19.3006
16.4068,-1.23341,-22.5053,19.5362
16.2622,-1.23341,-22.6499,19.7718
16.2172,-1.23341,-22.6949,19.8452
16.2172,-1.23341,-22.6949,19.8452
16.232,-1.21858,-22.6949,19.8452
16.3152,-1.13543,-22.6949,19.8452
16.3983,-1.05228,-22.6949,19.8452
16.4259,-1.0247,-22.6949,19.8452
16.4259,-1.0247,-22.6949,19.8452
16.4259,-1.0247,-22.6949,19.8452
16.4259,-1.0247,-22.6949,19.8452
16.4259,-1.0247,-22.6949,19.8452
16.4259,-1.0247,-22.6949,19.8452
16.4259,-1.0247,-22.6949,19.8452
16.4365,-1.01406,-22.6949,19.8452
16.5136,-0.937061,-22.6949,19.8452
16.5906,-0.860062,-22.6949,19.8452
16.6192,-0.831429,-22.6949,19.8452
16.6192,-0.831429,-22.6949,19.8452
16.6192,-0.734621,-22.5617,19.942
16.6192,0.0851547,-21.4339,20.7617
16.6192,0.904931,-20.3061,21.5815
16.6192,1.22625,-19.864,21.9028
16.6192,1.22625,-19.864,21.9028
16.6235,1.23057,-19.8161,21.9028
16.6676,1.27465,-19.3271,21.9028
16.7116,1.31874,-18.8382,21.9028
16.7298,1.3369,-18.6367,21.9028
16.7298,1.3369,-18.6367,21.9028
16.7309,1.3847,-18.5969,21.9495
16.7453,1.99846,-18.0857,22.5489
16.7597,2.61221,-17.5744,23.1483
16.7659,2.87745,-17.3535,23.4073
16.7659,2.87745,-17.3535,23.4073
16.737,2.87745,-17.3824,23.4332
16.2365,2.87745,-17.8829,23.8811
15.736,2.87745,-18.3834,24.329
15.5097,2.87745,-18.6097,24.5316
15.5097,2.87745,-18.6097,24.5316
15.4829,2.87745,-18.6365,24.5316
14.7729,2.87745,-19.3465,24.5316
14.0629,2.87745,-20.0565,24.5316
13.7275,2.87745,-20.3919,24.5316
13.7275,2.87745,-20.3919,24.5316
13.7275,2.87745,-20.3919,24.5316
13.7275,2.87745,-20.3919,24.5316
13.7275,2.87745,-20.3919,24.5316
13.7275,2.87745,-20.3919,24.5316
13.7275,2.87745,-20.3919,24.5316
13.7275,2.87745,-20.3919,24.5316
13.3916,2.87745,-20.7278,24.5316
13.0549,2.87745,-21.0645,24.5316
12.8823,2.87745,-21.2371,24.5316
12.8823,2.87745,-21.2371,24.5316
12.8823,2.87745,-21.2371,24.5316
12.9043,3.63415,-21.2371,25.2663
12.9269,4.40837,-21.2371,26.018
12.9389,4.82076,-21.2371,26.4184
12.9389,4.82076,-21.2371,26.4184
12.9389,4.82076,-21.2371,26.4184
12.9389,4.82076,-20.8103,26.4184
12.9389,4.82076,-20.3644,26.4184
12.9389,4.82076,-20.118,26.4184
12.9389,4.82076,-20.118,26.4184
12.9389,4.82076,-20.118,26.4184
12.6437,4.87874,-20.4711,26.543
12.3288,4.9406,-20.8479,26.676
12.1484,4.97604,-21.0638,26.7522
12.1484,4.97604,-21.0638,26.7522
12.1484,4.97604,-21.0638,26.7522
12.1484,5.7634,-20.265,27.5396
12.1484,6.62195,-19.3939,28.3981
12.1484,7.13104,-18.8774,28.9072
12.1484,7.13104,-18.8774,28.9072
12.1484,7.13104,-18.8774,28.9072
12.1484,7.13104,-18.8774,29.0457
12.1484,7.13104,-18.8774,29.2002
12.1484,7.13104,-18.8774,29.2949
12.1484,7.13104,-18.8774,29.2949
12.1484,7.13104,-18.8774,29.2949
12.2053,8.04548,-18.8774,30.1524
12.2702,9.0883,-18.8774,31.1303
12.3113,9.74858,-18.8774,31.7495
12.3113,9.74858,-18.8774,31.7495
12.3113,9.74858,-18.8774,31.7495
12.3113,11.565,-17.8477,33.5659
12.3113,13.685,-16.646,35.686
12.3113,15.0699,-15.8609,37.0709
12.3113,15.0699,-15.8609,37.0709
12.3113,15.0699,-15.8609,37.0709
11.8944,15.3417,-16.5495,37.8728
11.3962,15.6666,-17.3726,38.8312
11.0607,15.8853,-17.9268,39.4765
11.0607,15.8853,-17.9268,39.4765
11.0607,15.8853,-17.9268,39.4765
11.0607,16.7707,-17.9268,40.3619
11.0607,17.855,-17.9268,41.4463
11.0607,18.6069,-17.9268,42.1982
11.0607,18.6069,-17.9268,42.1982
11.0607,18.6069,-17.9268,42.1982
11.0607,18.6069,-17.9268,43.4362
11.0607,18.6069,-17.9268,44.9906
11.0607,18.6069,-17.9268,46.0998
11.0607,18.6069,-17.9268,46.0998
11.0607,18.6069,-17.9268,46.0998
10.4922,19.4494,-18.53,46.9076
9.76007,20.5346,-19.3069,47.948
9.22289,21.3307,-19.8769,48.7114
9.22289,21.3307,-19.8769,48.7114
9.22289,21.3307,-19.8769,48.7114
9.22289,21.3307,-19.6244,49.0264
9.22289,21.3307,-19.2906,49.4429
9.22289,21.3307,-19.039,49.7568
9.22289,21.3307,-19.039,49.7568
9.22289,21.3307,-19.039,49.7568
8.99423,21.3627,-19.2996,49.7568
8.68362,21.4061,-19.6536,49.7568
8.44325,21.4397,-19.9276,49.7568
8.44325,21.4397,-19.9276,49.7568
8.44325,21.4397,-19.9276,49.7568
8.44325,22.1576,-19.9276,50.4747
8.44325,23.1603,-19.9276,51.4774
8.44325,23.9563,-19.9276,52.2734
8.44325,23.9563,-19.9276,52.2734
8.44325,23.9563,-19.9276,52.2734
8.20121,23.9563,-20.1696,52.2734
7.85345,23.9563,-20.5174,52.2734
7.57034,23.9563,-20.8005,52.2734
7.57034,23.9563,-20.8005,52.2734
7.57034,23.9563,-20.8005,52.2734
7.58928,25.2875,-20.8005,53.5856
7.61731,27.257,-20.8005,55.5271
7.64069,28.8999,-20.8005,57.1467
7.64069,28.8999,-20.8005,57.1467
7.64069,28.8999,-20.8005,57.1467
7.64069,28.8999,-20.2904,57.1467
7.64069,28.8999,-19.5126,57.1467
7.64069,28.8999,-18.8482,57.1467
7.64069,28.8999,-18.8482,57.1467
7.64069,28.8999,-18.8482,57.1467
7.64903,28.9083,-18.8482,57.4939
7.66216,28.9214,-18.8482,58.0402
7.67363,28.9329,-18.8482,58.5178
7.67363,28.9329,-18.8482,58.5178
7.67363,28.9329,-18.8482,58.5178
7.67363,28.9329,-18.8482,58.5178
7.67363,28.9329,-18.8482,58.5178
7.67363,28.9329,-18.8482,58.5178
7.67363,28.9329,-18.8482,58.5178
7.67363,28.9329,-18.8482,58.5178
7.67363,28.9329,-18.8482,58.5178
7.67363,28.9329,-18.8482,58.5178
7.67363,28.9329,-18.8482,58.5178
7.67363,28.9329,-18.8482,58.5178
7.67363,28.9329,-18.8482,58.5178
7.67363,30.0573,-18.5963,59.6422
7.67363,32.0115,-18.1584,61.5965
7.67363,33.8381,-17.7491,63.4231
7.67363,33.8381,-17.7491,63.4231
7.67363,33.8381,-17.7491,63.4231
7.67363,33.8381,-17.7491,63.2519
7.67363,33.8381,-17.7491,62.9436
7.67363,33.8381,-17.7491,62.6492
7.67363,33.8381,-17.7491,62.6492
7.67363,33.8381,-17.7491,62.6492
7.27199,33.8311,-18.1437,62.6492
6.52149,33.818,-18.8811,62.6492
5.78986,33.8052,-19.6,62.6492
5.78986,33.8052,-19.6,62.6492
5.78986,33.8052,-19.6,62.6492
5.78986,34.7053,-19.4706,63.5493
5.78986,36.4527,-19.2193,65.2967
5.78986,38.1914,-18.9693,67.0354
5.78986,38.1914,-18.9693,67.0354
5.78986,38.1914,-18.9693,67.0354
5.49336,38.1914,-19.2658,66.7811
4.89435,38.1914,-19.8648,66.2674
4.29534,38.1914,-20.4639,65.7537
4.28631,38.1914,-20.4729,65.746
4.28631,38.1914,-20.4729,65.746
4.27536,38.1804,-20.4729,65.746
4.25231,38.1574,-20.4729,65.746
4.22926,38.1343,-20.4729,65.746
4.22845,38.1335,-20.4729,65.746
4.22845,38.1335,-20.4729,65.746
4.22845,38.1335,-20.4729,65.746
4.22845,38.1335,-20.4729,65.746
4.22845,38.1335,-20.4729,65.746
4.22845,38.1335,-20.4729,65.746
4.22845,38.1335,-20.4729,65.746
4.15105,38.103,-20.5197,65.746
3.97299,38.0327,-20.6275,65.746
3.79493,37.9624,-20.7353,65.746
3.78151,37.9571,-20.7434,65.746
3.78151,37.9571,-20.7434,65.746
3.78151,38.2113,-20.3164,66.0002
3.78151,38.8245,-19.2865,66.6134
3.78151,39.4378,-18.2566,67.2267
3.78151,39.4963,-18.1583,67.2852
3.78151,39.4963,-18.1583,67.2852
3.77991,39.4947,-18.1583,66.762
3.77586,39.4907,-18.1583,65.4358
3.77181,39.4867,-18.1583,64.1095
3.77134,39.4862,-18.1583,63.9562
3.77134,39.4862,-18.1583,63.9562
3.77134,40.0932,-18.0508,64.5632
3.77134,41.7144,-17.7635,66.1844
3.77134,43.3357,-17.4763,67.8057
3.77134,43.5557,-17.4373,68.0257
3.77134,43.5557,-17.4373,68.0257
3.77134,43.5557,-17.4373,67.4548
3.77134,43.5557,-17.4373,65.8433
3.77134,43.5557,-17.4373,64.2318
3.77134,43.5557,-17.4373,63.9808
3.77134,43.5557,-17.4373,63.9808
3.69635,43.5428,-17.4994,63.9808
3.47193,43.5044,-17.6854,63.9808
3.24751,43.4659,-17.8713,63.9808
3.20804,43.4591,-17.904,63.9808
3.20804,43.4591,-17.904,63.9808
3.20804,43.5643,-17.8085,63.7587
3.20804,43.8991,-17.5046,63.0513
3.20804,44.234,-17.2006,62.344
3.20804,44.2996,-17.141,62.2054
3.20804,44.2996,-17.141,62.2054
3.19464,44.2941,-17.1489,62.2054
3.14905,44.2754,-17.1757,62.2054
3.10347,44.2566,-17.2026,62.2054
3.09362,44.2526,-17.2084,62.2054
3.09362,44.2526,-17.2084,62.2054
3.08896,44.308,-17.2084,62.2654
3.07193,44.5101,-17.2084,62.4846
3.0549,44.7122,-17.2084,62.7037
3.05088,44.7599,-17.2084,62.7555
3.05088,44.7599,-17.2084,62.7555
3.01037,44.7599,-17.2489,62.4644
2.85072,44.7599,-17.4085,61.3172
2.69107,44.7599,-17.5682,60.1701
2.65015,44.7599,-17.6091,59.8761
2.65015,44.7599,-17.6091,59.8761
2.65015,44.7599,-17.6091,59.8761
2.65015,44.7599,-17.6091,59.8761
2.65015,44.7599,-17.6091,59.8761
2.65015,44.7599,-17.6091,59.8761
2.65015,44.7599,-17.6091,59.8761
2.65015,44.7599,-17.6091,59.8761
2.65015,44.7599,-17.6091,59.8761
2.65015,44.7599,-17.6091,59.8761
2.65015,44.7599,-17.6091,59.8761
2.65015,44.7599,-17.6091,59.8761
2.64589,44.7556,-17.6091,59.8761
2.62386,44.7336,-17.6091,59.8761
2.60183,44.7116,-17.6091,59.8761
2.59486,44.7046,-17.6091,59.8761
2.59486,44.7046,-17.6091,59.8761
2.59486,44.7243,-17.5051,59.8958
2.59486,44.8382,-16.9053,60.0097
2.59486,44.9521,-16.3055,60.1236
2.59486,44.9904,-16.1036,60.1619
2.59486,44.9904,-16.1036,60.1619
2.57892,44.9904,-16.0236,59.8098
2.47494,44.9904,-15.5019,57.5128
2.37096,44.9904,-14.9802,55.2157
2.33386,44.9904,-14.7941,54.3962
2.33386,44.9904,-14.7941,54.3962
2.32334,44.9799,-14.7941,54.3962
2.24434,44.9009,-14.7941,54.3962
2.16534,44.8219,-14.7941,54.3962
2.13557,44.7921,-14.7941,54.3962
2.13557,44.7921,-14.7941,54.3962
2.13557,44.7587,-14.7581,54.1002
2.13557,44.4637,-14.4393,51.4818
2.13557,44.1687,-14.1205,48.8635
2.13557,44.0516,-13.994,47.8241
2.13557,44.0516,-13.994,47.8241
2.13195,44.0501,-13.9961,47.8241
2.09298,44.0334,-14.0184,47.8241
2.054,44.0168,-14.0408,47.8241
2.03775,44.0099,-14.0501,47.8241
2.03775,44.0099,-14.0501,47.8241
2.03775,43.9848,-14.0501,47.799
2.03775,43.641,-14.0501,47.4552
2.03775,43.2971,-14.0501,47.1113
2.03775,43.1468,-14.0501,46.961
2.03775,43.1468,-14.0501,46.961
2.02342,43.1468,-14.0644,46.9026
1.75187,43.1468,-14.336,45.7962
1.48031,43.1468,-14.6075,44.6898
1.35613,43.1468,-14.7317,44.1839
1.35613,43.1468,-14.7317,44.1839
1.35671,43.1334,-14.7317,44.1699
1.37447,42.7219,-14.7317,43.7406
1.39222,42.3104,-14.7317,43.3114
1.4007,42.114,-14.7317,43.1065
1.4007,42.114,-14.7317,43.1065
1.4007,42.114,-14.7278,43.0936
1.4007,42.114,-14.4145,42.0632
1.4007,42.114,-14.1012,41.0328
1.4007,42.114,-13.9454,40.5202
1.4007,42.114,-13.9454,40.5202
1.4007,42.114,-13.9454,40.5202
1.35417,42.1635,-14.0414,40.5202
1.30729,42.2133,-14.1381,40.5202
1.28302,42.2391,-14.1881,40.5202
1.28302,42.2391,-14.1881,40.5202
1.28302,42.2391,-14.1881,40.5202
1.30322,42.2593,-13.5605,40.5202
1.324,42.28,-12.915,40.5202
1.33517,42.2912,-12.568,40.5202
1.33517,42.2912,-12.568,40.5202
1.33517,42.2912,-12.568,40.5202
1.33517,42.2912,-12.568,40.5202
1.33517,42.2912,-12.568,40.5202
1.33517,42.2912,-12.568,40.5202
1.33517,42.2912,-12.568,40.5202
1.33517,42.2912,-12.568,40.5202
1.35659,42.3126,-12.568,40.5202
1.37956,42.3356,-12.568,40.5202
1.39284,42.3489,-12.568,40.5202
1.39284,42.3489,-12.568,40.5202
1.39284,42.3489,-12.568,40.5202
1.39284,41.4648,-11.9591,39.6361
1.39284,40.4955,-11.2914,38.6668
1.39284,39.9158,-10.8922,38.0871
1.39284,39.9158,-10.8922,38.0871
1.39284,39.9158,-10.8922,38.0871
1.36458,38.9056,-10.8922,37.1051
1.33289,37.773,-10.8922,36.0043
1.3133,37.073,-10.8922,35.3238
1.3133,37.073,-10.8922,35.3238
1.3133,37.073,-10.8922,35.3238
1.3133,37.073,-10.6008,33.6916
1.3133,37.073,-10.2667,31.8195
1.3133,37.073,-10.0534,30.6248
1.3133,37.073,-10.0534,30.6248
1.3133,37.073,-10.0534,30.6248
1.3133,37.073,-10.0534,28.6338
1.3133,37.073,-10.0534,26.2962
1.3133,37.073,-10.0534,24.7574
1.3133,37.073,-10.0534,24.7574
1.3133,37.073,-10.0534,24.7574
1.07396,37.0437,-10.2635,24.7574
0.786175,37.0085,-10.516,24.7574
0.590944,36.9846,-10.6874,24.7574
0.590944,36.9846,-10.6874,24.7574
0.590944,36.9846,-10.6874,24.7574
0.590944,36.9846,-10.6874,24.7574
0.590944,36.9846,-10.6874,24.7574
0.590944,36.9846,-10.6874,24.7574
0.590944,36.9846,-10.6874,24.7574
0.590944,36.9846,-10.6874,24.7574
0.590944,36.9846,-10.6874,24.7574
0.590944,36.9846,-10.6874,24.7574
0.590944,36.9846,-10.6874,24.7574
0.590944,36.9846,-10.6874,24.7574
0.590944,36.9846,-10.6874,24.7574
0.257727,36.9846,-11.0206,24.3574
-0.17426,36.9846,-11.4526,23.8389
-0.493367,36.9846,-11.7717,23.4558
-0.493367,36.9846,-11.7717,23.4558
-0.493367,36.9846,-11.7717,23.4558
-0.562373,36.6084,-11.7717,23.1486
-0.654228,36.1077,-11.7717,22.7398
-0.723927,35.7277,-11.7717,22.4295
-0.723927,35.7277,-11.7717,22.4295
-0.723927,35.7277,-11.7717,22.4295
-0.723927,35.5009,-11.5273,22.2027
-0.723927,35.1907,-11.1931,21.8925
-0.723927,34.9491,-10.9327,21.6509
-0.723927,34.9491,-10.9327,21.6509
-0.723927,34.9491,-10.9327,21.6509
-0.816482,34.9364,-11.0126,21.6509
-0.946648,34.9186,-11.1249,21.6509
-1.05065,34.9043,-11.2146,21.6509
-1.05065,34.9043,-11.2146,21.6509
-1.05065,34.9043,-11.2146,21.6509
-1.05065,34.6272,-10.2738,21.3738
-1.05065,34.2262,-8.91223,20.9728
-1.05065,33.8978,-7.79697,20.6444
-1.05065,33.8978,-7.79697,20.6444
-1.05065,33.8978,-7.79697,20.6444
-1.05065,33.8978,-7.79697,20.3162
-1.05065,33.8978,-7.79697,19.827
-1.05065,33.8978,-7.79697,19.4165
-1.05065,33.8978,-7.79697,19.4165
-1.05065,33.8978,-7.79697,19.4165
-1.06524,33.6198,-7.79697,19.1531
-1.08765,33.1926,-7.79697,18.7483
-1.10691,32.8255,-7.79697,18.4004
-1.10691,32.8255,-7.79697,18.4004
-1.10691,32.8255,-7.79697,18.4004
-1.11217,32.8202,-7.54761,18.2549
-1.12051,32.8119,-7.1522,18.0241
-1.12784,32.8046,-6.80448,17.8211
-1.12784,32.8046,-6.80448,17.8211
-1.12784,32.8046,-6.80448,17.8211
-1.13454,32.6513,-6.80448,17.6745
-1.14552,32.4002,-6.80448,17.4344
-1.1554,32.1744,-6.80448,17.2184
-1.1554,32.1744,-6.80448,17.2184
-1.1554,32.1744,-6.80448,17.2184
-1.1554,32.1744,-6.55272,17.2431
-1.1554,32.1744,-6.12635,17.2848
-1.1554,32.1744,-5.73425,17.3232
-1.1554,32.1744,-5.73425,17.3232
-1.1554,32.1744,-5.73425,17.3232
-1.43434,32.1744,-6.01319,17.3232
-1.92341,32.1744,-6.50226,17.3232
-2.38299,32.1744,-6.96184,17.3232
-2.38299,32.1744,-6.96184,17.3232
-2.38299,32.1744,-6.96184,17.3232
-2.39071,32.1667,-6.96184,17.3232
-2.40474,32.1527,-6.96184,17.3232
-2.41821,32.1392,-6.96184,17.3232
-2.41821,32.1392,-6.96184,17.3232
-2.41821,32.1392,-6.96184,17.3232
-2.41821,32.1392,-6.96184,17.3869
-2.41821,32.1392,-6.96184,17.5069
-2.41821,32.1392,-6.96184,17.6246
-2.41821,32.1392,-6.96184,17.6246
-2.41821,32.1392,-6.96184,17.6246
-2.47683,32.133,-7.01431,17.6246
-2.59176,32.121,-7.11718,17.6246
-2.70669,32.1089,-7.22005,17.6246
